{"couplings": [{"iC": "KRHEDTSGAVLIYFW", "jC": "KRHEDNQTSALF", "j": 199, "i": 160, "matrix": [[-0.7, -0.66, -0.08, 1.2, 0.16, -0.25, 0.31, -0.02, 0.0, 0.06, 0.02, -0.03], [-0.88, -1.1, -0.07, 1.12, 1.57, -0.36, 0.07, -0.14, -0.01, -0.02, -0.12, -0.02], [-0.38, -0.6, -0.02, 0.69, 0.83, -0.1, -0.19, -0.07, 0.03, 0.09, -0.14, 0.0], [0.75, 1.42, 0.16, -0.99, -0.87, 0.33, -0.49, 0.06, -0.02, -0.0, -0.18, -0.04], [0.36, 1.24, 0.0, -0.51, -0.28, 0.01, -0.28, -0.02, -0.09, -0.18, -0.08, 0.02], [0.14, 0.05, -0.1, -0.25, -0.34, 0.13, 0.27, -0.08, -0.04, -0.06, 0.11, -0.01], [0.17, 0.33, 0.02, -0.1, -0.15, -0.06, -0.02, 0.04, -0.01, -0.08, -0.04, -0.02], [0.14, 0.44, -0.08, -0.15, -0.1, 0.04, -0.07, -0.1, -0.02, -0.12, -0.02, 0.0], [0.16, 0.38, -0.05, -0.04, -0.18, 0.06, -0.08, 0.09, -0.0, 0.07, -0.15, -0.08], [0.37, 0.0, -0.22, -0.04, -0.6, 0.34, 0.33, -0.17, -0.16, -0.28, 0.45, -0.08], [0.17, 0.13, -0.06, -0.11, -0.4, 0.1, 0.24, -0.05, -0.26, -0.25, 0.33, 0.01], [0.13, 0.28, -0.15, -0.21, -0.4, 0.26, 0.31, -0.08, -0.3, -0.49, 0.35, 0.0], [-0.65, -0.88, 0.22, -0.03, 1.99, 0.1, -0.52, -0.08, 0.11, 0.48, -0.41, -0.07], [-0.03, -0.65, 0.51, -0.29, -0.64, -0.56, -0.15, 0.32, 0.55, 0.6, -0.28, 0.32], [-0.12, -0.24, 0.01, -0.09, -0.1, -0.06, -0.07, 0.19, 0.28, 0.16, -0.03, 0.02]], "score": 4.67}, {"iC": "KRHEDNQTSALF", "jC": "KRHEDTSGAVLIYFW", "j": 160, "i": 199, "matrix": [[-0.7, -0.88, -0.38, 0.75, 0.36, 0.14, 0.17, 0.14, 0.16, 0.37, 0.17, 0.13, -0.65, -0.03, -0.12], [-0.66, -1.1, -0.6, 1.42, 1.24, 0.05, 0.33, 0.44, 0.38, 0.0, 0.13, 0.28, -0.88, -0.65, -0.24], [-0.08, -0.07, -0.02, 0.16, 0.0, -0.1, 0.02, -0.08, -0.05, -0.22, -0.06, -0.15, 0.22, 0.51, 0.01], [1.2, 1.12, 0.69, -0.99, -0.51, -0.25, -0.1, -0.15, -0.04, -0.04, -0.11, -0.21, -0.03, -0.29, -0.09], [0.16, 1.57, 0.83, -0.87, -0.28, -0.34, -0.15, -0.1, -0.18, -0.6, -0.4, -0.4, 1.99, -0.64, -0.1], [-0.25, -0.36, -0.1, 0.33, 0.01, 0.13, -0.06, 0.04, 0.06, 0.34, 0.1, 0.26, 0.1, -0.56, -0.06], [0.31, 0.07, -0.19, -0.49, -0.28, 0.27, -0.02, -0.07, -0.08, 0.33, 0.24, 0.31, -0.52, -0.15, -0.07], [-0.02, -0.14, -0.07, 0.06, -0.02, -0.08, 0.04, -0.1, 0.09, -0.17, -0.05, -0.08, -0.08, 0.32, 0.19], [0.0, -0.01, 0.03, -0.02, -0.09, -0.04, -0.01, -0.02, -0.0, -0.16, -0.26, -0.3, 0.11, 0.55, 0.28], [0.06, -0.02, 0.09, -0.0, -0.18, -0.06, -0.08, -0.12, 0.07, -0.28, -0.25, -0.49, 0.48, 0.6, 0.16], [0.02, -0.12, -0.14, -0.18, -0.08, 0.11, -0.04, -0.02, -0.15, 0.45, 0.33, 0.35, -0.41, -0.28, -0.03], [-0.03, -0.02, 0.0, -0.04, 0.02, -0.01, -0.02, 0.0, -0.08, -0.08, 0.01, 0.0, -0.07, 0.32, 0.02]], "score": 4.67}, {"iC": "REDNSCGVLIMPYFW", "jC": "TVLIMPF", "j": 235, "i": 234, "matrix": [[-0.24, -0.5, -0.19, -0.16, -0.12, 0.94, -0.08], [0.4, 0.24, 0.18, 0.38, 0.17, -1.68, 0.32], [0.32, 0.52, 0.74, 0.44, 0.32, -2.55, 0.38], [-0.06, 0.24, 0.49, 0.44, 0.02, -0.97, 0.0], [-0.19, 0.12, 0.01, 0.36, -0.06, -0.73, 0.47], [-0.03, -0.11, -0.05, -0.1, 0.01, 0.41, -0.06], [0.16, 0.25, 0.33, 0.35, 0.1, -1.46, -0.08], [-0.07, -0.23, -0.18, -0.28, -0.02, 1.17, -0.21], [-0.13, -0.51, -0.27, -0.47, -0.08, 2.13, -0.52], [-0.06, -0.23, -0.15, -0.32, -0.03, 1.0, -0.18], [-0.06, -0.26, -0.17, -0.19, -0.05, 1.1, -0.23], [-0.03, 0.05, -0.27, -0.33, -0.15, 0.17, 0.35], [-0.02, -0.05, -0.06, -0.08, -0.02, 0.36, -0.02], [-0.03, -0.15, -0.08, -0.13, -0.02, 0.55, -0.03], [-0.03, -0.12, -0.06, -0.12, -0.0, 0.49, -0.11]], "score": 4.59}, {"iC": "TVLIMPF", "jC": "REDNSCGVLIMPYFW", "j": 234, "i": 235, "matrix": [[-0.24, 0.4, 0.32, -0.06, -0.19, -0.03, 0.16, -0.07, -0.13, -0.06, -0.06, -0.03, -0.02, -0.03, -0.03], [-0.5, 0.24, 0.52, 0.24, 0.12, -0.11, 0.25, -0.23, -0.51, -0.23, -0.26, 0.05, -0.05, -0.15, -0.12], [-0.19, 0.18, 0.74, 0.49, 0.01, -0.05, 0.33, -0.18, -0.27, -0.15, -0.17, -0.27, -0.06, -0.08, -0.06], [-0.16, 0.38, 0.44, 0.44, 0.36, -0.1, 0.35, -0.28, -0.47, -0.32, -0.19, -0.33, -0.08, -0.13, -0.12], [-0.12, 0.17, 0.32, 0.02, -0.06, 0.01, 0.1, -0.02, -0.08, -0.03, -0.05, -0.15, -0.02, -0.02, -0.0], [0.94, -1.68, -2.55, -0.97, -0.73, 0.41, -1.46, 1.17, 2.13, 1.0, 1.1, 0.17, 0.36, 0.55, 0.49], [-0.08, 0.32, 0.38, 0.0, 0.47, -0.06, -0.08, -0.21, -0.52, -0.18, -0.23, 0.35, -0.02, -0.03, -0.11]], "score": 4.59}, {"iC": "KRHEDAVLIMY", "jC": "KREDQTAV", "j": 41, "i": 9, "matrix": [[-0.43, -0.66, 0.82, 0.34, -0.12, -0.24, 0.15, -0.05], [-0.96, -1.18, 1.58, 1.18, -0.37, -0.42, 0.49, -0.1], [-0.47, -0.73, 0.62, -0.04, -0.2, 0.16, 0.51, 0.2], [1.25, 1.69, -1.24, -0.74, -0.57, -0.12, -0.21, -0.05], [0.55, 0.81, -0.57, -0.15, -0.27, -0.08, -0.18, -0.02], [0.09, 0.5, -0.14, 0.12, 0.02, -0.04, -0.09, -0.21], [-0.05, -0.2, 0.04, -0.05, 0.48, 0.04, -0.53, -0.06], [0.12, -0.02, 0.1, -0.48, 0.74, 0.56, -0.48, -0.27], [-0.06, -0.16, 0.02, 0.09, 0.41, 0.01, -0.34, -0.01], [0.11, -0.08, -0.33, -0.25, 0.14, 0.15, 0.09, 0.15], [0.16, -0.21, -0.26, -0.05, -0.23, 0.03, 0.32, 0.3]], "score": 4.1}, {"iC": "KREDQTAV", "jC": "KRHEDAVLIMY", "j": 9, "i": 41, "matrix": [[-0.43, -0.96, -0.47, 1.25, 0.55, 0.09, -0.05, 0.12, -0.06, 0.11, 0.16], [-0.66, -1.18, -0.73, 1.69, 0.81, 0.5, -0.2, -0.02, -0.16, -0.08, -0.21], [0.82, 1.58, 0.62, -1.24, -0.57, -0.14, 0.04, 0.1, 0.02, -0.33, -0.26], [0.34, 1.18, -0.04, -0.74, -0.15, 0.12, -0.05, -0.48, 0.09, -0.25, -0.05], [-0.12, -0.37, -0.2, -0.57, -0.27, 0.02, 0.48, 0.74, 0.41, 0.14, -0.23], [-0.24, -0.42, 0.16, -0.12, -0.08, -0.04, 0.04, 0.56, 0.01, 0.15, 0.03], [0.15, 0.49, 0.51, -0.21, -0.18, -0.09, -0.53, -0.48, -0.34, 0.09, 0.32], [-0.05, -0.1, 0.2, -0.05, -0.02, -0.21, -0.06, -0.27, -0.01, 0.15, 0.3]], "score": 4.1}, {"iC": "KRHEDQTSGAV", "jC": "KRHEDNQTSGA", "j": 262, "i": 259, "matrix": [[-0.7, -0.59, -0.16, 0.75, 0.43, -0.58, 0.41, 0.03, -0.06, -0.31, -0.01], [-0.67, -1.08, 0.3, 1.5, 0.62, -0.49, 0.72, -0.17, -0.44, -1.05, -0.06], [-0.1, -0.03, 0.0, 0.07, -0.08, 0.36, -0.02, 0.03, 0.08, -0.33, -0.09], [0.72, 1.03, 0.04, -0.95, -0.82, 0.0, -0.39, 0.05, 0.07, 0.11, 0.14], [0.44, 0.53, -0.06, -1.31, -1.46, 0.43, -0.66, 0.2, 0.44, 0.72, 0.04], [0.1, 0.33, 0.22, -0.14, -0.19, 0.06, 0.16, 0.07, 0.02, -0.33, 0.04], [0.01, -0.42, -0.07, -0.2, 0.36, 0.02, -0.21, 0.06, -0.14, 0.33, -0.15], [-0.01, -0.35, 0.12, -0.04, 0.12, 0.24, -0.19, -0.29, 0.0, 0.47, -0.03], [-0.05, -0.15, 0.01, 0.12, 0.32, -0.04, -0.09, 0.04, 0.17, -0.18, 0.13], [-0.2, 0.0, -0.15, 0.26, 0.23, -0.16, 0.21, 0.19, -0.04, 0.41, 0.39], [0.17, 0.71, -0.09, -0.25, 0.33, -0.1, 0.03, -0.05, -0.07, 0.1, -0.28]], "score": 4.06}, {"iC": "KRHEDNQTSGA", "jC": "KRHEDQTSGAV", "j": 259, "i": 262, "matrix": [[-0.7, -0.67, -0.1, 0.72, 0.44, 0.1, 0.01, -0.01, -0.05, -0.2, 0.17], [-0.59, -1.08, -0.03, 1.03, 0.53, 0.33, -0.42, -0.35, -0.15, 0.0, 0.71], [-0.16, 0.3, 0.0, 0.04, -0.06, 0.22, -0.07, 0.12, 0.01, -0.15, -0.09], [0.75, 1.5, 0.07, -0.95, -1.31, -0.14, -0.2, -0.04, 0.12, 0.26, -0.25], [0.43, 0.62, -0.08, -0.82, -1.46, -0.19, 0.36, 0.12, 0.32, 0.23, 0.33], [-0.58, -0.49, 0.36, 0.0, 0.43, 0.06, 0.02, 0.24, -0.04, -0.16, -0.1], [0.41, 0.72, -0.02, -0.39, -0.66, 0.16, -0.21, -0.19, -0.09, 0.21, 0.03], [0.03, -0.17, 0.03, 0.05, 0.2, 0.07, 0.06, -0.29, 0.04, 0.19, -0.05], [-0.06, -0.44, 0.08, 0.07, 0.44, 0.02, -0.14, 0.0, 0.17, -0.04, -0.07], [-0.31, -1.05, -0.33, 0.11, 0.72, -0.33, 0.33, 0.47, -0.18, 0.41, 0.1], [-0.01, -0.06, -0.09, 0.14, 0.04, 0.04, -0.15, -0.03, 0.13, 0.39, -0.28]], "score": 4.06}, {"iC": "KRHEDQTSGAVLIYFW", "jC": "KRHEDNQTSCAVLIM", "j": 198, "i": 194, "matrix": [[-0.99, -1.05, -0.08, 0.63, 0.55, -0.22, -0.25, -0.05, -0.1, -0.09, -0.05, 0.07, 0.73, 0.55, 0.09], [-0.84, -0.83, -0.3, 1.06, 0.49, -0.11, -0.22, -0.27, -0.23, -0.29, -0.01, 0.23, 0.49, 0.47, 0.18], [-0.48, -0.53, -0.17, -0.15, -0.06, -0.07, -0.21, 0.02, 0.05, 0.05, 0.17, 0.68, 0.51, 0.05, 0.28], [0.23, 1.26, 0.14, -1.1, -0.12, -0.03, -0.48, -0.04, -0.14, -0.14, 0.02, 0.15, 0.21, 0.13, -0.08], [0.05, 0.6, -0.05, -0.24, -0.0, 0.01, -0.03, 0.03, 0.03, -0.04, 0.02, -0.1, -0.16, -0.07, -0.01], [-0.52, -0.61, -0.07, 0.87, 0.15, -0.01, -0.04, 0.03, 0.0, -0.03, 0.14, 0.0, 0.07, 0.09, -0.03], [0.17, -0.03, -0.05, -0.03, -0.1, 0.02, -0.17, -0.03, -0.09, -0.02, -0.33, 0.24, 0.31, 0.18, -0.0], [-0.2, 0.07, 0.36, -0.3, 0.0, 0.03, -0.05, -0.09, 0.01, -0.09, 0.28, -0.11, -0.1, 0.13, -0.19], [-0.09, 0.12, 0.01, -0.06, 0.11, 0.05, -0.14, -0.08, -0.05, -0.08, 0.34, 0.02, -0.16, 0.15, -0.07], [0.02, 0.23, 0.06, 0.13, 0.0, 0.01, -0.18, -0.11, 0.08, -0.09, 0.37, -0.23, -0.43, 0.11, -0.18], [0.56, 0.39, 0.08, 0.05, -0.19, 0.08, 0.21, 0.29, -0.13, -0.04, -0.44, -0.24, -0.2, -0.18, -0.11], [0.67, 0.51, 0.37, -0.01, -0.31, 0.31, 0.41, 0.14, -0.12, -0.38, -0.52, -0.63, -0.26, -0.39, 0.07], [0.7, 0.44, 0.05, 0.16, -0.09, 0.15, 0.38, 0.23, 0.13, -0.07, -0.45, -0.39, -0.49, -0.4, -0.21], [-0.05, -0.27, -0.15, -0.55, -0.28, -0.25, -0.18, -0.07, -0.03, 1.05, 0.29, 0.56, 0.15, -0.05, 0.36], [0.49, -0.08, -0.22, -0.38, -0.14, -0.12, 0.49, 0.03, 0.42, 0.37, 0.08, -0.02, -0.41, -0.54, 0.01], [0.09, -0.13, -0.02, 0.02, -0.06, 0.13, 0.35, -0.09, 0.13, 0.13, 0.0, -0.03, -0.35, -0.18, -0.05]], "score": 4.0}, {"iC": "KRHEDNQTSCAVLIM", "jC": "KRHEDQTSGAVLIYFW", "j": 194, "i": 198, "matrix": [[-0.99, -0.84, -0.48, 0.23, 0.05, -0.52, 0.17, -0.2, -0.09, 0.02, 0.56, 0.67, 0.7, -0.05, 0.49, 0.09], [-1.05, -0.83, -0.53, 1.26, 0.6, -0.61, -0.03, 0.07, 0.12, 0.23, 0.39, 0.51, 0.44, -0.27, -0.08, -0.13], [-0.08, -0.3, -0.17, 0.14, -0.05, -0.07, -0.05, 0.36, 0.01, 0.06, 0.08, 0.37, 0.05, -0.15, -0.22, -0.02], [0.63, 1.06, -0.15, -1.1, -0.24, 0.87, -0.03, -0.3, -0.06, 0.13, 0.05, -0.01, 0.16, -0.55, -0.38, 0.02], [0.55, 0.49, -0.06, -0.12, -0.0, 0.15, -0.1, 0.0, 0.11, 0.0, -0.19, -0.31, -0.09, -0.28, -0.14, -0.06], [-0.22, -0.11, -0.07, -0.03, 0.01, -0.01, 0.02, 0.03, 0.05, 0.01, 0.08, 0.31, 0.15, -0.25, -0.12, 0.13], [-0.25, -0.22, -0.21, -0.48, -0.03, -0.04, -0.17, -0.05, -0.14, -0.18, 0.21, 0.41, 0.38, -0.18, 0.49, 0.35], [-0.05, -0.27, 0.02, -0.04, 0.03, 0.03, -0.03, -0.09, -0.08, -0.11, 0.29, 0.14, 0.23, -0.07, 0.03, -0.09], [-0.1, -0.23, 0.05, -0.14, 0.03, 0.0, -0.09, 0.01, -0.05, 0.08, -0.13, -0.12, 0.13, -0.03, 0.42, 0.13], [-0.09, -0.29, 0.05, -0.14, -0.04, -0.03, -0.02, -0.09, -0.08, -0.09, -0.04, -0.38, -0.07, 1.05, 0.37, 0.13], [-0.05, -0.01, 0.17, 0.02, 0.02, 0.14, -0.33, 0.28, 0.34, 0.37, -0.44, -0.52, -0.45, 0.29, 0.08, 0.0], [0.07, 0.23, 0.68, 0.15, -0.1, 0.0, 0.24, -0.11, 0.02, -0.23, -0.24, -0.63, -0.39, 0.56, -0.02, -0.03], [0.73, 0.49, 0.51, 0.21, -0.16, 0.07, 0.31, -0.1, -0.16, -0.43, -0.2, -0.26, -0.49, 0.15, -0.41, -0.35], [0.55, 0.47, 0.05, 0.13, -0.07, 0.09, 0.18, 0.13, 0.15, 0.11, -0.18, -0.39, -0.4, -0.05, -0.54, -0.18], [0.09, 0.18, 0.28, -0.08, -0.01, -0.03, -0.0, -0.19, -0.07, -0.18, -0.11, 0.07, -0.21, 0.36, 0.01, -0.05]], "score": 4.0}, {"iC": "RHSCAVIYF", "jC": "KREDQSGALM", "j": 265, "i": 175, "matrix": [[-0.57, -0.66, 0.05, 0.35, -0.45, 0.61, -0.16, 0.81, -0.02, 0.06], [-0.51, -0.54, 0.47, 0.24, -0.29, 1.43, -0.48, 0.46, -0.48, -0.29], [-0.06, 0.42, -0.06, -0.08, 0.18, -0.15, -0.2, -0.12, -0.05, 0.08], [0.96, 0.53, -0.17, -0.24, -0.02, -0.24, -1.05, -0.24, 0.21, 0.01], [0.28, 0.28, -0.17, -0.12, 0.55, -0.58, -0.53, -0.95, 0.6, 0.54], [0.23, 0.26, -0.11, -0.05, 0.19, -0.3, -0.14, -0.57, 0.17, 0.01], [0.09, -0.05, -0.06, -0.03, 0.07, -0.01, -0.06, -0.32, 0.17, 0.02], [-0.34, -0.52, -0.08, 0.02, -0.33, -1.06, 2.35, 1.12, -0.39, -0.21], [-0.2, -0.18, -0.1, -0.05, -0.08, 0.2, 0.7, 0.15, -0.2, -0.08]], "score": 3.88}, {"iC": "KREDQSGALM", "jC": "RHSCAVIYF", "j": 175, "i": 265, "matrix": [[-0.57, -0.51, -0.06, 0.96, 0.28, 0.23, 0.09, -0.34, -0.2], [-0.66, -0.54, 0.42, 0.53, 0.28, 0.26, -0.05, -0.52, -0.18], [0.05, 0.47, -0.06, -0.17, -0.17, -0.11, -0.06, -0.08, -0.1], [0.35, 0.24, -0.08, -0.24, -0.12, -0.05, -0.03, 0.02, -0.05], [-0.45, -0.29, 0.18, -0.02, 0.55, 0.19, 0.07, -0.33, -0.08], [0.61, 1.43, -0.15, -0.24, -0.58, -0.3, -0.01, -1.06, 0.2], [-0.16, -0.48, -0.2, -1.05, -0.53, -0.14, -0.06, 2.35, 0.7], [0.81, 0.46, -0.12, -0.24, -0.95, -0.57, -0.32, 1.12, 0.15], [-0.02, -0.48, -0.05, 0.21, 0.6, 0.17, 0.17, -0.39, -0.2], [0.06, -0.29, 0.08, 0.01, 0.54, 0.01, 0.02, -0.21, -0.08]], "score": 3.88}, {"iC": "KRHCALIYF", "jC": "KREDNQTS", "j": 236, "i": 175, "matrix": [[-0.55, -0.23, 0.13, 0.42, 0.21, 0.01, -0.03, -0.06], [-0.19, -0.2, -0.05, 1.11, 0.42, -0.11, -0.72, -0.23], [-0.22, -0.23, -1.25, -1.02, -0.29, -0.75, 2.46, 1.73], [-0.02, -0.14, -0.04, 1.09, -0.08, -0.07, -0.44, -0.21], [0.06, -0.03, -0.11, 0.62, 0.08, -0.07, -0.3, -0.11], [0.05, -0.1, 0.42, -0.55, -0.02, 0.62, -0.35, -0.19], [0.1, 0.14, 0.35, -0.64, -0.1, 0.21, -0.11, -0.08], [-0.02, 0.55, 0.39, -0.16, -0.14, 0.17, -0.46, -0.54], [0.06, -0.02, 0.41, -0.26, -0.06, 0.18, -0.23, -0.23]], "score": 3.84}, {"iC": "KREDNQTS", "jC": "KRHCALIYF", "j": 175, "i": 236, "matrix": [[-0.55, -0.19, -0.22, -0.02, 0.06, 0.05, 0.1, -0.02, 0.06], [-0.23, -0.2, -0.23, -0.14, -0.03, -0.1, 0.14, 0.55, -0.02], [0.13, -0.05, -1.25, -0.04, -0.11, 0.42, 0.35, 0.39, 0.41], [0.42, 1.11, -1.02, 1.09, 0.62, -0.55, -0.64, -0.16, -0.26], [0.21, 0.42, -0.29, -0.08, 0.08, -0.02, -0.1, -0.14, -0.06], [0.01, -0.11, -0.75, -0.07, -0.07, 0.62, 0.21, 0.17, 0.18], [-0.03, -0.72, 2.46, -0.44, -0.3, -0.35, -0.11, -0.46, -0.23], [-0.06, -0.23, 1.73, -0.21, -0.11, -0.19, -0.08, -0.54, -0.23]], "score": 3.84}, {"iC": "QSGAVLIM", "jC": "TSCGAVLIMY", "j": 267, "i": 166, "matrix": [[-0.14, 0.09, -0.02, -0.13, -0.02, -0.21, 0.19, 0.29, 0.0, -0.05], [-0.12, 0.05, -0.08, -0.14, -0.39, -0.11, 0.06, 0.51, 0.23, -0.06], [-0.62, -0.15, -0.16, -0.13, -0.99, -0.0, 1.69, 0.09, 0.54, -0.17], [-0.63, -0.51, -0.29, -0.79, -1.21, 0.59, 0.66, 1.25, 1.06, -0.3], [0.24, 0.03, -0.05, 0.1, 0.34, 0.26, -0.85, -0.13, -0.37, 0.12], [0.33, 0.09, 0.42, 0.57, 0.99, 0.01, -0.67, -1.05, -0.64, 0.19], [0.46, 0.1, -0.11, 0.06, 0.51, 0.07, -0.54, -0.5, -0.49, 0.25], [0.36, 0.29, 0.31, 0.46, 0.77, -0.35, -0.4, -0.79, -0.48, -0.06]], "score": 3.79}, {"iC": "TSCGAVLIMY", "jC": "QSGAVLIM", "j": 166, "i": 267, "matrix": [[-0.14, -0.12, -0.62, -0.63, 0.24, 0.33, 0.46, 0.36], [0.09, 0.05, -0.15, -0.51, 0.03, 0.09, 0.1, 0.29], [-0.02, -0.08, -0.16, -0.29, -0.05, 0.42, -0.11, 0.31], [-0.13, -0.14, -0.13, -0.79, 0.1, 0.57, 0.06, 0.46], [-0.02, -0.39, -0.99, -1.21, 0.34, 0.99, 0.51, 0.77], [-0.21, -0.11, -0.0, 0.59, 0.26, 0.01, 0.07, -0.35], [0.19, 0.06, 1.69, 0.66, -0.85, -0.67, -0.54, -0.4], [0.29, 0.51, 0.09, 1.25, -0.13, -1.05, -0.5, -0.79], [0.0, 0.23, 0.54, 1.06, -0.37, -0.64, -0.49, -0.48], [-0.05, -0.06, -0.17, -0.3, 0.12, 0.19, 0.25, -0.06]], "score": 3.79}, {"iC": "CGAVLIY", "jC": "TSCGAVLIMF", "j": 300, "i": 117, "matrix": [[-0.02, 0.0, 0.24, 0.02, 0.14, -0.0, -0.33, -0.12, 0.0, 0.0], [-0.5, -0.41, -0.28, -0.73, -2.42, -0.07, 1.59, 0.44, 1.41, 0.69], [0.77, -0.07, 0.05, -0.56, 0.48, 0.4, 0.17, -0.06, -0.52, -0.54], [-0.1, 0.16, 0.0, 0.18, 0.87, 0.08, -0.69, -0.16, -0.33, -0.04], [-0.08, 0.15, 0.0, 0.64, 0.55, -0.29, -0.44, -0.26, -0.3, 0.0], [-0.08, 0.02, 0.02, 0.24, 0.36, -0.02, -0.34, -0.05, -0.11, 0.0], [-0.04, -0.02, 0.0, -0.06, -0.18, -0.0, 0.06, 0.32, -0.04, 0.02]], "score": 3.73}, {"iC": "TSCGAVLIMF", "jC": "CGAVLIY", "j": 117, "i": 300, "matrix": [[-0.02, -0.5, 0.77, -0.1, -0.08, -0.08, -0.04], [0.0, -0.41, -0.07, 0.16, 0.15, 0.02, -0.02], [0.24, -0.28, 0.05, 0.0, 0.0, 0.02, 0.0], [0.02, -0.73, -0.56, 0.18, 0.64, 0.24, -0.06], [0.14, -2.42, 0.48, 0.87, 0.55, 0.36, -0.18], [-0.0, -0.07, 0.4, 0.08, -0.29, -0.02, -0.0], [-0.33, 1.59, 0.17, -0.69, -0.44, -0.34, 0.06], [-0.12, 0.44, -0.06, -0.16, -0.26, -0.05, 0.32], [0.0, 1.41, -0.52, -0.33, -0.3, -0.11, -0.04], [0.0, 0.69, -0.54, -0.04, 0.0, 0.0, 0.02]], "score": 3.73}, {"iC": "KRHEDQAVLIYF", "jC": "KRETSAVLIMY", "j": 38, "i": 9, "matrix": [[-0.63, -0.08, 0.1, 0.34, -0.34, 0.1, 0.25, 0.03, 0.19, 0.17, -0.15], [-0.53, -0.1, 0.3, 0.05, -0.4, 0.27, 0.0, 0.19, 0.13, 0.3, -0.16], [-0.24, -0.07, -0.09, -0.17, 2.29, -0.0, -0.76, -0.41, -0.5, -0.15, 0.15], [0.91, 0.06, -0.63, 0.03, -0.68, -0.16, 0.35, 0.03, 0.19, -0.21, -0.07], [-0.02, 0.41, -0.05, -0.21, 1.22, -0.85, -0.34, -0.17, -0.24, -0.07, 0.27], [0.04, -0.02, -0.06, 0.12, -0.21, -0.39, 0.25, 0.39, 0.11, -0.08, -0.19], [0.77, -0.17, 0.23, 0.12, -0.87, -0.7, -0.14, -0.2, -0.19, 0.31, 0.64], [-0.02, -0.01, -0.03, 0.11, -0.2, 0.28, 0.25, -0.15, -0.09, -0.06, -0.01], [-0.15, -0.08, -0.21, -0.26, -0.35, 0.57, 0.1, 0.31, 0.35, -0.0, -0.22], [-0.05, -0.03, -0.04, 0.08, -0.15, 0.05, 0.36, -0.05, 0.19, -0.08, -0.13], [-0.06, -0.01, -0.01, -0.14, -0.06, 0.96, -0.24, -0.13, -0.22, -0.04, -0.04], [-0.02, -0.01, -0.01, -0.03, -0.02, 0.32, -0.08, -0.04, -0.06, -0.01, -0.01]], "score": 3.68}, {"iC": "KRETSAVLIMY", "jC": "KRHEDQAVLIYF", "j": 9, "i": 38, "matrix": [[-0.63, -0.53, -0.24, 0.91, -0.02, 0.04, 0.77, -0.02, -0.15, -0.05, -0.06, -0.02], [-0.08, -0.1, -0.07, 0.06, 0.41, -0.02, -0.17, -0.01, -0.08, -0.03, -0.01, -0.01], [0.1, 0.3, -0.09, -0.63, -0.05, -0.06, 0.23, -0.03, -0.21, -0.04, -0.01, -0.01], [0.34, 0.05, -0.17, 0.03, -0.21, 0.12, 0.12, 0.11, -0.26, 0.08, -0.14, -0.03], [-0.34, -0.4, 2.29, -0.68, 1.22, -0.21, -0.87, -0.2, -0.35, -0.15, -0.06, -0.02], [0.1, 0.27, -0.0, -0.16, -0.85, -0.39, -0.7, 0.28, 0.57, 0.05, 0.96, 0.32], [0.25, 0.0, -0.76, 0.35, -0.34, 0.25, -0.14, 0.25, 0.1, 0.36, -0.24, -0.08], [0.03, 0.19, -0.41, 0.03, -0.17, 0.39, -0.2, -0.15, 0.31, -0.05, -0.13, -0.04], [0.19, 0.13, -0.5, 0.19, -0.24, 0.11, -0.19, -0.09, 0.35, 0.19, -0.22, -0.06], [0.17, 0.3, -0.15, -0.21, -0.07, -0.08, 0.31, -0.06, -0.0, -0.08, -0.04, -0.01], [-0.15, -0.16, 0.15, -0.07, 0.27, -0.19, 0.64, -0.01, -0.22, -0.13, -0.04, -0.01]], "score": 3.68}, {"iC": "KRHEDNTSGAVLIMPYFW", "jC": "KREDNGAVIPY", "j": 280, "i": 279, "matrix": [[-0.47, -0.09, 0.16, 0.25, 0.3, -0.17, 0.12, 0.13, 0.07, -0.25, -0.01], [-0.23, -0.38, 0.26, 0.41, 0.04, -0.29, -0.02, 0.08, 0.28, 0.07, -0.08], [-0.06, -0.08, -0.02, 0.0, 0.02, -0.09, 0.04, -0.11, -0.01, 0.46, -0.02], [0.09, -0.03, -0.31, -0.28, 0.24, 0.34, 0.03, 0.02, -0.1, -0.22, -0.16], [-0.18, 0.06, -0.36, -0.59, -0.07, 1.14, -0.16, -0.08, 0.09, 0.22, 0.12], [-0.23, -0.15, -0.16, 0.1, 0.04, 0.53, -0.11, -0.32, -0.01, 0.67, 0.06], [-0.21, -0.02, -0.08, 0.05, -0.03, 0.41, -0.07, -0.22, -0.21, 0.8, -0.08], [-0.34, -0.12, -0.21, -0.03, -0.02, 0.77, -0.08, -0.03, -0.33, 0.27, -0.0], [0.21, 0.04, 0.34, 0.28, 0.05, -0.35, -0.1, 0.07, 0.12, -1.39, 0.15], [-0.21, -0.04, -0.09, 0.24, -0.05, 0.61, -0.01, 0.05, -0.14, -0.54, 0.27], [0.71, 0.31, 0.24, -0.16, -0.16, -0.79, 0.08, -0.14, -0.21, 0.43, -0.1], [0.52, 0.14, 0.14, -0.15, -0.1, -0.51, -0.05, 0.12, 0.25, -0.16, -0.13], [0.39, 0.47, 0.08, -0.23, -0.23, -1.22, 0.29, 0.21, -0.03, 0.14, -0.07], [0.15, 0.02, 0.02, 0.01, -0.03, -0.29, -0.01, 0.06, 0.04, 0.02, -0.05], [-0.03, 0.03, -0.0, -0.02, -0.05, -0.0, 0.05, 0.66, 0.35, -2.05, 0.34], [-0.06, 0.02, -0.05, -0.05, -0.02, -0.08, 0.05, -0.16, -0.14, 0.6, -0.07], [-0.01, -0.02, -0.02, -0.03, 0.0, 0.06, 0.02, -0.15, -0.03, 0.34, -0.06], [-0.0, -0.01, -0.04, -0.03, -0.03, -0.03, -0.02, -0.09, -0.01, 0.36, -0.03]], "score": 3.62}, {"iC": "KREDNGAVIPY", "jC": "KRHEDNTSGAVLIMPYFW", "j": 279, "i": 280, "matrix": [[-0.47, -0.23, -0.06, 0.09, -0.18, -0.23, -0.21, -0.34, 0.21, -0.21, 0.71, 0.52, 0.39, 0.15, -0.03, -0.06, -0.01, -0.0], [-0.09, -0.38, -0.08, -0.03, 0.06, -0.15, -0.02, -0.12, 0.04, -0.04, 0.31, 0.14, 0.47, 0.02, 0.03, 0.02, -0.02, -0.01], [0.16, 0.26, -0.02, -0.31, -0.36, -0.16, -0.08, -0.21, 0.34, -0.09, 0.24, 0.14, 0.08, 0.02, -0.0, -0.05, -0.02, -0.04], [0.25, 0.41, 0.0, -0.28, -0.59, 0.1, 0.05, -0.03, 0.28, 0.24, -0.16, -0.15, -0.23, 0.01, -0.02, -0.05, -0.03, -0.03], [0.3, 0.04, 0.02, 0.24, -0.07, 0.04, -0.03, -0.02, 0.05, -0.05, -0.16, -0.1, -0.23, -0.03, -0.05, -0.02, 0.0, -0.03], [-0.17, -0.29, -0.09, 0.34, 1.14, 0.53, 0.41, 0.77, -0.35, 0.61, -0.79, -0.51, -1.22, -0.29, -0.0, -0.08, 0.06, -0.03], [0.12, -0.02, 0.04, 0.03, -0.16, -0.11, -0.07, -0.08, -0.1, -0.01, 0.08, -0.05, 0.29, -0.01, 0.05, 0.05, 0.02, -0.02], [0.13, 0.08, -0.11, 0.02, -0.08, -0.32, -0.22, -0.03, 0.07, 0.05, -0.14, 0.12, 0.21, 0.06, 0.66, -0.16, -0.15, -0.09], [0.07, 0.28, -0.01, -0.1, 0.09, -0.01, -0.21, -0.33, 0.12, -0.14, -0.21, 0.25, -0.03, 0.04, 0.35, -0.14, -0.03, -0.01], [-0.25, 0.07, 0.46, -0.22, 0.22, 0.67, 0.8, 0.27, -1.39, -0.54, 0.43, -0.16, 0.14, 0.02, -2.05, 0.6, 0.34, 0.36], [-0.01, -0.08, -0.02, -0.16, 0.12, 0.06, -0.08, -0.0, 0.15, 0.27, -0.1, -0.13, -0.07, -0.05, 0.34, -0.07, -0.06, -0.03]], "score": 3.62}, {"iC": "KREDNQTA", "jC": "KRHEQTSGVIYF", "j": 200, "i": 168, "matrix": [[-0.37, -0.42, -0.05, 0.59, -0.01, 0.06, -0.26, 0.11, -0.06, -0.02, 0.29, 0.09], [-0.39, -1.1, -0.18, 1.76, 0.08, 0.09, -0.36, -0.13, 0.36, 0.25, -0.04, 0.09], [0.63, 0.35, 0.11, -1.53, -0.46, 0.14, -0.15, -0.13, 0.21, 0.01, 0.02, 0.35], [0.5, 2.03, 0.28, -0.82, 0.47, -0.72, 0.74, -0.15, -0.9, -0.46, 0.15, -0.6], [-0.12, 0.06, -0.04, -0.23, 0.04, 0.1, 0.25, -0.29, 0.03, 0.09, -0.14, -0.04], [0.01, -0.37, -0.07, 0.13, -0.04, 0.15, -0.15, -0.19, 0.19, 0.13, -0.04, 0.2], [-0.02, -0.04, 0.01, -0.3, -0.03, 0.31, -0.03, -0.01, 0.27, 0.01, -0.17, 0.03], [-0.02, -0.24, 0.06, 0.43, -0.0, -0.25, 0.09, 0.14, -0.29, -0.08, 0.21, -0.03]], "score": 3.59}, {"iC": "KRHEQTSGVIYF", "jC": "KREDNQTA", "j": 168, "i": 200, "matrix": [[-0.37, -0.39, 0.63, 0.5, -0.12, 0.01, -0.02, -0.02], [-0.42, -1.1, 0.35, 2.03, 0.06, -0.37, -0.04, -0.24], [-0.05, -0.18, 0.11, 0.28, -0.04, -0.07, 0.01, 0.06], [0.59, 1.76, -1.53, -0.82, -0.23, 0.13, -0.3, 0.43], [-0.01, 0.08, -0.46, 0.47, 0.04, -0.04, -0.03, -0.0], [0.06, 0.09, 0.14, -0.72, 0.1, 0.15, 0.31, -0.25], [-0.26, -0.36, -0.15, 0.74, 0.25, -0.15, -0.03, 0.09], [0.11, -0.13, -0.13, -0.15, -0.29, -0.19, -0.01, 0.14], [-0.06, 0.36, 0.21, -0.9, 0.03, 0.19, 0.27, -0.29], [-0.02, 0.25, 0.01, -0.46, 0.09, 0.13, 0.01, -0.08], [0.29, -0.04, 0.02, 0.15, -0.14, -0.04, -0.17, 0.21], [0.09, 0.09, 0.35, -0.6, -0.04, 0.2, 0.03, -0.03]], "score": 3.59}, {"iC": "KREDNQTCGALIMP", "jC": "KRHETSGAVLIYF", "j": 252, "i": 226, "matrix": [[-0.51, -0.55, 0.02, 0.62, -0.07, -0.22, 0.1, -0.01, 0.04, 0.04, -0.02, 0.37, 0.1], [-0.34, -0.99, -0.15, 1.62, 0.1, -0.37, -0.11, -0.28, 0.55, 0.11, 0.24, -0.03, -0.02], [0.7, 0.5, 0.04, -1.44, 0.13, -0.31, -0.27, -0.34, 0.22, 0.09, 0.29, 0.18, 0.27], [0.31, 1.86, 0.33, -0.89, -0.31, 0.95, -0.36, -0.54, -0.68, -0.29, -0.23, 0.29, -0.39], [-0.02, -0.02, -0.03, -0.2, 0.04, 0.51, -0.11, 0.09, -0.05, 0.09, -0.04, -0.25, -0.1], [-0.06, -0.32, -0.04, 0.18, 0.13, -0.15, 0.05, -0.2, 0.13, 0.01, -0.1, 0.09, 0.11], [-0.03, -0.04, -0.05, -0.25, -0.09, 0.14, 0.01, 0.09, 0.34, 0.01, 0.08, -0.26, 0.04], [-0.02, -0.03, -0.01, 0.02, -0.05, -0.01, -0.05, 0.3, -0.07, -0.02, -0.0, -0.04, -0.0], [0.1, 0.32, -0.03, 0.06, -0.01, -0.06, 0.07, -0.36, -0.3, -0.05, -0.05, 0.16, 0.05], [0.01, -0.24, 0.18, 0.39, 0.06, -0.17, -0.25, -0.42, -0.2, 0.1, -0.24, 0.39, 0.18], [-0.01, -0.12, -0.14, -0.18, 0.04, -0.1, 0.3, 0.48, -0.04, 0.09, 0.05, -0.35, -0.0], [-0.01, -0.1, -0.03, -0.11, -0.06, -0.06, 0.22, 0.32, 0.0, -0.01, 0.05, -0.16, -0.05], [-0.03, -0.09, -0.04, -0.17, -0.03, -0.05, -0.02, 0.6, -0.06, 0.09, 0.0, -0.13, -0.05], [-0.01, 0.0, 0.03, -0.03, -0.03, 0.07, 0.13, -0.31, -0.05, -0.02, 0.01, 0.06, 0.0]], "score": 3.55}, {"iC": "KRHETSGAVLIYF", "jC": "KREDNQTCGALIMP", "j": 226, "i": 252, "matrix": [[-0.51, -0.34, 0.7, 0.31, -0.02, -0.06, -0.03, -0.02, 0.1, 0.01, -0.01, -0.01, -0.03, -0.01], [-0.55, -0.99, 0.5, 1.86, -0.02, -0.32, -0.04, -0.03, 0.32, -0.24, -0.12, -0.1, -0.09, 0.0], [0.02, -0.15, 0.04, 0.33, -0.03, -0.04, -0.05, -0.01, -0.03, 0.18, -0.14, -0.03, -0.04, 0.03], [0.62, 1.62, -1.44, -0.89, -0.2, 0.18, -0.25, 0.02, 0.06, 0.39, -0.18, -0.11, -0.17, -0.03], [-0.07, 0.1, 0.13, -0.31, 0.04, 0.13, -0.09, -0.05, -0.01, 0.06, 0.04, -0.06, -0.03, -0.03], [-0.22, -0.37, -0.31, 0.95, 0.51, -0.15, 0.14, -0.01, -0.06, -0.17, -0.1, -0.06, -0.05, 0.07], [0.1, -0.11, -0.27, -0.36, -0.11, 0.05, 0.01, -0.05, 0.07, -0.25, 0.3, 0.22, -0.02, 0.13], [-0.01, -0.28, -0.34, -0.54, 0.09, -0.2, 0.09, 0.3, -0.36, -0.42, 0.48, 0.32, 0.6, -0.31], [0.04, 0.55, 0.22, -0.68, -0.05, 0.13, 0.34, -0.07, -0.3, -0.2, -0.04, 0.0, -0.06, -0.05], [0.04, 0.11, 0.09, -0.29, 0.09, 0.01, 0.01, -0.02, -0.05, 0.1, 0.09, -0.01, 0.09, -0.02], [-0.02, 0.24, 0.29, -0.23, -0.04, -0.1, 0.08, -0.0, -0.05, -0.24, 0.05, 0.05, 0.0, 0.01], [0.37, -0.03, 0.18, 0.29, -0.25, 0.09, -0.26, -0.04, 0.16, 0.39, -0.35, -0.16, -0.13, 0.06], [0.1, -0.02, 0.27, -0.39, -0.1, 0.11, 0.04, -0.0, 0.05, 0.18, -0.0, -0.05, -0.05, 0.0]], "score": 3.55}, {"iC": "KREDNQSGALIMY", "jC": "KRHENSALM", "j": 256, "i": 226, "matrix": [[-0.86, -1.18, -0.64, 0.85, -0.31, 0.26, 0.24, 0.29, 0.45], [-0.74, -1.31, -0.7, 0.92, -0.31, 0.07, 0.27, 0.23, 0.46], [0.47, 0.7, 0.53, -0.69, 0.1, -0.12, -0.02, -0.24, -0.08], [0.64, 1.35, 0.81, -0.33, -0.01, -0.35, -0.2, -0.36, -0.44], [0.26, 0.5, 0.46, -0.14, 0.4, -0.07, -0.03, -0.49, -0.33], [-0.21, -0.53, -0.16, -0.04, 0.23, 0.09, 0.35, -0.14, 0.27], [0.06, 0.13, 0.32, -0.13, 0.18, 0.02, 0.16, -0.22, -0.22], [-0.09, 0.47, 0.19, 0.03, -0.01, -0.09, 0.22, -0.41, -0.13], [-0.04, 0.18, 0.06, -0.05, -0.18, 0.07, 0.39, -0.26, -0.18], [0.34, -0.05, -0.34, -0.09, -0.12, 0.15, -0.44, 0.3, -0.07], [0.11, -0.11, -0.21, 0.01, -0.05, 0.02, -0.3, 0.34, 0.14], [0.17, -0.1, -0.25, -0.04, -0.02, 0.16, -0.5, 0.37, 0.11], [0.05, -0.08, -0.09, -0.03, -0.02, -0.06, -0.16, 0.34, 0.02]], "score": 3.47}, {"iC": "KRHENSALM", "jC": "KREDNQSGALIMY", "j": 226, "i": 256, "matrix": [[-0.86, -0.74, 0.47, 0.64, 0.26, -0.21, 0.06, -0.09, -0.04, 0.34, 0.11, 0.17, 0.05], [-1.18, -1.31, 0.7, 1.35, 0.5, -0.53, 0.13, 0.47, 0.18, -0.05, -0.11, -0.1, -0.08], [-0.64, -0.7, 0.53, 0.81, 0.46, -0.16, 0.32, 0.19, 0.06, -0.34, -0.21, -0.25, -0.09], [0.85, 0.92, -0.69, -0.33, -0.14, -0.04, -0.13, 0.03, -0.05, -0.09, 0.01, -0.04, -0.03], [-0.31, -0.31, 0.1, -0.01, 0.4, 0.23, 0.18, -0.01, -0.18, -0.12, -0.05, -0.02, -0.02], [0.26, 0.07, -0.12, -0.35, -0.07, 0.09, 0.02, -0.09, 0.07, 0.15, 0.02, 0.16, -0.06], [0.24, 0.27, -0.02, -0.2, -0.03, 0.35, 0.16, 0.22, 0.39, -0.44, -0.3, -0.5, -0.16], [0.29, 0.23, -0.24, -0.36, -0.49, -0.14, -0.22, -0.41, -0.26, 0.3, 0.34, 0.37, 0.34], [0.45, 0.46, -0.08, -0.44, -0.33, 0.27, -0.22, -0.13, -0.18, -0.07, 0.14, 0.11, 0.02]], "score": 3.47}, {"iC": "KRHEDQSCGAVLIYF", "jC": "KRETCGAVI", "j": 200, "i": 164, "matrix": [[-0.44, -0.53, 0.74, -0.06, -0.22, 0.3, -0.02, 0.07, -0.02], [-0.53, -0.73, 1.39, -0.16, -0.23, -0.17, -0.43, 0.28, 0.27], [-0.03, -0.06, 0.06, -0.27, 0.09, -0.05, 0.33, -0.17, 0.08], [0.65, 0.21, -1.01, -0.09, -0.02, -0.16, -0.33, 0.33, 0.33], [0.08, 0.33, -0.29, -0.16, -0.02, -0.09, 0.16, -0.13, -0.0], [0.08, -0.11, 0.19, 0.04, -0.06, -0.18, -0.37, -0.09, 0.15], [0.15, 0.06, -0.02, 0.48, -0.08, -0.14, -0.59, 0.19, 0.09], [-0.01, -0.01, -0.02, 0.63, -0.04, 0.06, -0.42, -0.08, 0.01], [0.26, 0.19, -0.09, 0.22, -0.05, -0.28, -0.21, -0.0, -0.09], [0.13, 0.31, 0.27, 0.46, -0.15, -0.48, -0.44, 0.35, 0.01], [-0.12, 0.02, -0.04, 0.89, -0.08, 0.03, -0.39, 0.24, -0.08], [-0.01, -0.02, -0.24, -0.44, -0.07, 0.82, 0.32, -0.33, -0.04], [-0.06, 0.01, 0.01, 0.14, -0.0, 0.19, -0.31, 0.09, -0.02], [-0.13, 0.07, -0.5, -0.91, 0.85, -0.02, 1.19, -0.49, -0.34], [-0.06, -0.06, -0.26, -0.54, 0.06, 0.22, 1.27, -0.34, -0.17]], "score": 3.45}, {"iC": "KRETCGAVI", "jC": "KRHEDQSCGAVLIYF", "j": 164, "i": 200, "matrix": [[-0.44, -0.53, -0.03, 0.65, 0.08, 0.08, 0.15, -0.01, 0.26, 0.13, -0.12, -0.01, -0.06, -0.13, -0.06], [-0.53, -0.73, -0.06, 0.21, 0.33, -0.11, 0.06, -0.01, 0.19, 0.31, 0.02, -0.02, 0.01, 0.07, -0.06], [0.74, 1.39, 0.06, -1.01, -0.29, 0.19, -0.02, -0.02, -0.09, 0.27, -0.04, -0.24, 0.01, -0.5, -0.26], [-0.06, -0.16, -0.27, -0.09, -0.16, 0.04, 0.48, 0.63, 0.22, 0.46, 0.89, -0.44, 0.14, -0.91, -0.54], [-0.22, -0.23, 0.09, -0.02, -0.02, -0.06, -0.08, -0.04, -0.05, -0.15, -0.08, -0.07, -0.0, 0.85, 0.06], [0.3, -0.17, -0.05, -0.16, -0.09, -0.18, -0.14, 0.06, -0.28, -0.48, 0.03, 0.82, 0.19, -0.02, 0.22], [-0.02, -0.43, 0.33, -0.33, 0.16, -0.37, -0.59, -0.42, -0.21, -0.44, -0.39, 0.32, -0.31, 1.19, 1.27], [0.07, 0.28, -0.17, 0.33, -0.13, -0.09, 0.19, -0.08, -0.0, 0.35, 0.24, -0.33, 0.09, -0.49, -0.34], [-0.02, 0.27, 0.08, 0.33, -0.0, 0.15, 0.09, 0.01, -0.09, 0.01, -0.08, -0.04, -0.02, -0.34, -0.17]], "score": 3.45}, {"iC": "KREQTSCGAVIYF", "jC": "KRHEDNQSAVLIYF", "j": 294, "i": 83, "matrix": [[-1.01, -1.09, -0.05, 0.83, 0.73, 0.22, -0.07, 0.35, 0.24, -0.14, -0.06, -0.07, -0.2, 0.03], [-0.77, -0.84, -0.13, 0.42, 0.86, 0.24, -0.44, -0.11, -0.11, 0.12, -0.03, 0.09, 0.36, 0.06], [0.91, 1.11, 0.41, -1.15, -0.99, -0.42, 0.17, 0.16, 0.2, 0.4, -0.04, 0.25, -0.56, -0.29], [0.32, 0.27, -0.08, -0.23, -0.26, -0.06, -0.11, 0.18, 0.24, 0.04, -0.01, 0.1, -0.33, -0.1], [0.07, -0.03, -0.14, 0.0, -0.02, 0.05, 0.17, 0.29, 0.21, 0.48, -0.22, 0.08, -0.57, -0.23], [-0.0, -0.09, 0.09, 0.07, 0.29, 0.04, 0.0, -0.0, -0.14, -0.12, 0.01, -0.08, -0.05, 0.07], [-0.12, -0.09, -0.02, -0.01, -0.03, -0.02, -0.02, -0.02, -0.21, -0.03, -0.02, -0.05, 0.46, 0.08], [-0.02, -0.03, -0.08, -0.04, 0.12, 0.05, -0.02, -0.17, -0.4, -0.19, 0.44, 0.01, 0.28, 0.05], [-0.11, -0.1, 0.14, -0.12, 0.1, 0.16, -0.15, -0.3, -0.25, -0.31, 0.16, -0.34, 0.84, 0.74], [0.13, 0.27, -0.19, 0.24, -0.17, -0.1, 0.18, 0.16, 0.36, 0.05, -0.27, 0.11, -0.63, -0.35], [0.08, 0.29, -0.07, 0.26, -0.13, 0.01, 0.19, -0.13, 0.18, -0.06, -0.08, 0.03, -0.33, -0.17], [0.2, 0.16, 0.13, -0.05, -0.23, -0.08, -0.07, -0.29, -0.34, -0.09, 0.06, 0.03, 0.51, 0.18], [-0.11, -0.03, -0.03, -0.02, -0.08, -0.09, 0.09, -0.06, -0.18, -0.05, 0.05, 0.01, 0.34, 0.09]], "score": 3.43}, {"iC": "KRHEDNQSAVLIYF", "jC": "KREQTSCGAVIYF", "j": 83, "i": 294, "matrix": [[-1.01, -0.77, 0.91, 0.32, 0.07, -0.0, -0.12, -0.02, -0.11, 0.13, 0.08, 0.2, -0.11], [-1.09, -0.84, 1.11, 0.27, -0.03, -0.09, -0.09, -0.03, -0.1, 0.27, 0.29, 0.16, -0.03], [-0.05, -0.13, 0.41, -0.08, -0.14, 0.09, -0.02, -0.08, 0.14, -0.19, -0.07, 0.13, -0.03], [0.83, 0.42, -1.15, -0.23, 0.0, 0.07, -0.01, -0.04, -0.12, 0.24, 0.26, -0.05, -0.02], [0.73, 0.86, -0.99, -0.26, -0.02, 0.29, -0.03, 0.12, 0.1, -0.17, -0.13, -0.23, -0.08], [0.22, 0.24, -0.42, -0.06, 0.05, 0.04, -0.02, 0.05, 0.16, -0.1, 0.01, -0.08, -0.09], [-0.07, -0.44, 0.17, -0.11, 0.17, 0.0, -0.02, -0.02, -0.15, 0.18, 0.19, -0.07, 0.09], [0.35, -0.11, 0.16, 0.18, 0.29, -0.0, -0.02, -0.17, -0.3, 0.16, -0.13, -0.29, -0.06], [0.24, -0.11, 0.2, 0.24, 0.21, -0.14, -0.21, -0.4, -0.25, 0.36, 0.18, -0.34, -0.18], [-0.14, 0.12, 0.4, 0.04, 0.48, -0.12, -0.03, -0.19, -0.31, 0.05, -0.06, -0.09, -0.05], [-0.06, -0.03, -0.04, -0.01, -0.22, 0.01, -0.02, 0.44, 0.16, -0.27, -0.08, 0.06, 0.05], [-0.07, 0.09, 0.25, 0.1, 0.08, -0.08, -0.05, 0.01, -0.34, 0.11, 0.03, 0.03, 0.01], [-0.2, 0.36, -0.56, -0.33, -0.57, -0.05, 0.46, 0.28, 0.84, -0.63, -0.33, 0.51, 0.34], [0.03, 0.06, -0.29, -0.1, -0.23, 0.07, 0.08, 0.05, 0.74, -0.35, -0.17, 0.18, 0.09]], "score": 3.43}, {"iC": "KRHEDQTSGALPY", "jC": "KREDQSAVLI", "j": 165, "i": 161, "matrix": [[-0.84, -0.54, 0.55, 1.1, -0.35, -0.08, -0.07, -0.03, 0.11, 0.3], [-0.43, -0.32, 0.66, 0.84, -0.53, -0.08, -0.39, 0.07, 0.22, 0.24], [-0.22, -0.24, -0.11, -0.09, -0.12, 0.05, -0.2, 0.27, 0.47, 0.23], [0.51, 0.63, -0.76, -1.13, 0.04, -0.05, 0.01, 0.3, 0.06, 0.34], [0.83, 0.99, -0.76, -0.65, 0.75, -0.04, -0.01, -0.13, -0.57, -0.25], [-0.53, -0.36, 0.05, 1.0, -0.44, -0.05, -0.14, 0.12, 0.33, 0.17], [-0.01, 0.0, 0.28, 0.09, 0.03, -0.12, -0.24, -0.08, -0.1, -0.12], [0.17, -0.1, 0.12, 0.06, 0.33, 0.12, 0.27, -0.16, -0.52, -0.21], [0.23, 0.03, -0.1, -0.22, 0.04, 0.32, 0.55, -0.11, -0.13, -0.26], [0.12, -0.16, 0.01, 0.06, -0.21, 0.22, 0.5, -0.22, -0.24, -0.4], [0.21, 0.25, -0.12, -0.28, 0.22, -0.19, -0.62, -0.07, 0.13, -0.19], [-0.02, -0.07, 0.2, 0.02, -0.05, 0.03, 0.72, -0.05, -0.39, -0.07], [-0.04, -0.07, -0.24, -0.2, -0.12, -0.04, -0.13, 0.1, 0.7, 0.29]], "score": 3.43}, {"iC": "KREDQSAVLI", "jC": "KRHEDQTSGALPY", "j": 161, "i": 165, "matrix": [[-0.84, -0.43, -0.22, 0.51, 0.83, -0.53, -0.01, 0.17, 0.23, 0.12, 0.21, -0.02, -0.04], [-0.54, -0.32, -0.24, 0.63, 0.99, -0.36, 0.0, -0.1, 0.03, -0.16, 0.25, -0.07, -0.07], [0.55, 0.66, -0.11, -0.76, -0.76, 0.05, 0.28, 0.12, -0.1, 0.01, -0.12, 0.2, -0.24], [1.1, 0.84, -0.09, -1.13, -0.65, 1.0, 0.09, 0.06, -0.22, 0.06, -0.28, 0.02, -0.2], [-0.35, -0.53, -0.12, 0.04, 0.75, -0.44, 0.03, 0.33, 0.04, -0.21, 0.22, -0.05, -0.12], [-0.08, -0.08, 0.05, -0.05, -0.04, -0.05, -0.12, 0.12, 0.32, 0.22, -0.19, 0.03, -0.04], [-0.07, -0.39, -0.2, 0.01, -0.01, -0.14, -0.24, 0.27, 0.55, 0.5, -0.62, 0.72, -0.13], [-0.03, 0.07, 0.27, 0.3, -0.13, 0.12, -0.08, -0.16, -0.11, -0.22, -0.07, -0.05, 0.1], [0.11, 0.22, 0.47, 0.06, -0.57, 0.33, -0.1, -0.52, -0.13, -0.24, 0.13, -0.39, 0.7], [0.3, 0.24, 0.23, 0.34, -0.25, 0.17, -0.12, -0.21, -0.26, -0.4, -0.19, -0.07, 0.29]], "score": 3.43}, {"iC": "KRHEDNQTSAVLPY", "jC": "KRHEDNQTSGLIMPYF", "j": 26, "i": 24, "matrix": [[-0.51, -0.25, 0.02, 0.15, 0.43, 0.07, -0.21, 0.1, -0.1, 0.67, -0.29, 0.08, -0.09, -0.13, -0.02, 0.04], [-0.17, -0.22, -0.07, 0.2, 0.56, 0.02, -0.05, -0.27, -0.25, 0.72, -0.1, -0.09, -0.09, -0.1, 0.09, -0.0], [-0.17, -0.19, 0.11, -0.24, 0.61, 0.3, -0.09, -0.08, 0.91, -0.52, -0.39, -0.11, -0.08, -0.28, 0.36, -0.1], [-0.16, 0.02, 0.16, -0.12, -0.16, 0.21, -0.15, -0.13, -0.03, 0.43, -0.1, -0.02, -0.02, -0.17, 0.27, -0.04], [0.26, 0.82, 0.03, -0.19, -0.52, -0.12, -0.02, 0.24, 0.02, -0.56, -0.06, -0.03, 0.03, 0.15, -0.13, -0.05], [0.2, 0.32, 0.03, -0.21, -0.37, -0.02, -0.02, -0.1, 0.04, -0.56, -0.05, -0.05, -0.0, 0.21, 0.36, -0.04], [0.0, -0.14, 0.06, -0.05, -0.06, 0.17, 0.05, -0.02, -0.21, 0.7, -0.06, 0.03, -0.02, -0.13, -0.04, -0.03], [0.05, 0.22, -0.15, -0.18, -0.24, -0.08, 0.06, 0.14, -0.09, -0.33, -0.21, -0.04, -0.06, 0.4, 0.1, 0.31], [0.53, 0.01, -0.27, 0.55, -0.66, -0.62, 0.34, -0.27, -0.1, -1.09, 1.23, -0.17, -0.02, 0.46, 0.16, 0.04], [-0.32, -0.07, 0.16, -0.07, 0.32, 0.44, -0.08, 0.01, -0.06, 0.26, -0.11, -0.03, -0.0, 0.04, -0.19, -0.08], [0.12, -0.15, -0.11, -0.09, -0.15, -0.04, 0.01, 0.38, -0.01, 0.22, -0.13, -0.02, -0.01, 0.09, -0.17, 0.03], [-0.07, -0.13, -0.04, -0.02, -0.03, 0.32, -0.05, 0.01, -0.2, 0.21, -0.13, 0.07, -0.02, 0.08, -0.13, -0.05], [0.65, 0.64, -0.36, -0.08, -0.36, -0.73, 0.33, 0.04, -0.1, -0.77, 0.73, 0.52, 0.48, -0.71, -0.55, -0.12], [-0.3, -0.46, 0.43, 0.03, 0.7, -0.12, -0.12, -0.05, 0.01, 0.1, -0.15, -0.05, -0.04, -0.17, 0.07, 0.21]], "score": 3.38}, {"iC": "KRHEDNQTSGLIMPYF", "jC": "KRHEDNQTSAVLPY", "j": 24, "i": 26, "matrix": [[-0.51, -0.17, -0.17, -0.16, 0.26, 0.2, 0.0, 0.05, 0.53, -0.32, 0.12, -0.07, 0.65, -0.3], [-0.25, -0.22, -0.19, 0.02, 0.82, 0.32, -0.14, 0.22, 0.01, -0.07, -0.15, -0.13, 0.64, -0.46], [0.02, -0.07, 0.11, 0.16, 0.03, 0.03, 0.06, -0.15, -0.27, 0.16, -0.11, -0.04, -0.36, 0.43], [0.15, 0.2, -0.24, -0.12, -0.19, -0.21, -0.05, -0.18, 0.55, -0.07, -0.09, -0.02, -0.08, 0.03], [0.43, 0.56, 0.61, -0.16, -0.52, -0.37, -0.06, -0.24, -0.66, 0.32, -0.15, -0.03, -0.36, 0.7], [0.07, 0.02, 0.3, 0.21, -0.12, -0.02, 0.17, -0.08, -0.62, 0.44, -0.04, 0.32, -0.73, -0.12], [-0.21, -0.05, -0.09, -0.15, -0.02, -0.02, 0.05, 0.06, 0.34, -0.08, 0.01, -0.05, 0.33, -0.12], [0.1, -0.27, -0.08, -0.13, 0.24, -0.1, -0.02, 0.14, -0.27, 0.01, 0.38, 0.01, 0.04, -0.05], [-0.1, -0.25, 0.91, -0.03, 0.02, 0.04, -0.21, -0.09, -0.1, -0.06, -0.01, -0.2, -0.1, 0.01], [0.67, 0.72, -0.52, 0.43, -0.56, -0.56, 0.7, -0.33, -1.09, 0.26, 0.22, 0.21, -0.77, 0.1], [-0.29, -0.1, -0.39, -0.1, -0.06, -0.05, -0.06, -0.21, 1.23, -0.11, -0.13, -0.13, 0.73, -0.15], [0.08, -0.09, -0.11, -0.02, -0.03, -0.05, 0.03, -0.04, -0.17, -0.03, -0.02, 0.07, 0.52, -0.05], [-0.09, -0.09, -0.08, -0.02, 0.03, -0.0, -0.02, -0.06, -0.02, -0.0, -0.01, -0.02, 0.48, -0.04], [-0.13, -0.1, -0.28, -0.17, 0.15, 0.21, -0.13, 0.4, 0.46, 0.04, 0.09, 0.08, -0.71, -0.17], [-0.02, 0.09, 0.36, 0.27, -0.13, 0.36, -0.04, 0.1, 0.16, -0.19, -0.17, -0.13, -0.55, 0.07], [0.04, -0.0, -0.1, -0.04, -0.05, -0.04, -0.03, 0.31, 0.04, -0.08, 0.03, -0.05, -0.12, 0.21]], "score": 3.38}, {"iC": "KRHEDNQTALIY", "jC": "KREQTAVLIPYF", "j": 14, "i": 4, "matrix": [[-1.64, -1.16, 0.35, 0.14, 0.24, -0.18, 0.54, 0.35, 0.31, 0.11, 0.29, 0.53], [-1.26, -1.15, 0.28, 0.17, 0.05, -0.15, 0.72, 0.21, 0.36, 0.2, 0.31, 0.05], [-0.33, -0.22, -0.08, 0.14, -0.32, 0.35, -0.02, 0.04, 0.57, -0.35, 0.06, 0.02], [0.35, 1.11, -0.16, -0.29, -0.07, -0.16, -0.18, -0.06, 0.1, -0.4, -0.05, -0.06], [0.82, 0.94, -0.12, -0.26, -0.01, -0.06, -0.41, -0.26, -0.27, -0.24, -0.04, -0.05], [0.46, 0.44, -0.07, -0.08, -0.16, 0.03, -0.31, 0.05, 0.01, -0.04, -0.05, -0.11], [0.35, 0.35, -0.14, -0.16, 0.05, 0.01, 0.16, 0.05, -0.16, -0.2, -0.06, -0.07], [-0.12, -0.09, -0.09, 0.09, -0.05, 0.02, 0.29, 0.01, 0.1, 0.23, -0.06, -0.07], [0.34, -0.17, 0.16, -0.23, 0.33, 0.03, 0.08, -0.22, -0.24, 0.04, -0.26, -0.14], [0.44, 0.28, -0.03, 0.02, -0.13, 0.01, -0.23, -0.07, -0.28, 0.0, -0.01, 0.03], [0.39, -0.13, 0.02, 0.12, -0.06, -0.14, -0.24, -0.02, -0.16, 0.24, 0.0, 0.03], [-0.52, -0.5, -0.08, 0.07, -0.12, 0.54, -0.41, 0.05, 0.22, 0.6, -0.01, -0.09]], "score": 3.32}, {"iC": "KREQTAVLIPYF", "jC": "KRHEDNQTALIY", "j": 4, "i": 14, "matrix": [[-1.64, -1.26, -0.33, 0.35, 0.82, 0.46, 0.35, -0.12, 0.34, 0.44, 0.39, -0.52], [-1.16, -1.15, -0.22, 1.11, 0.94, 0.44, 0.35, -0.09, -0.17, 0.28, -0.13, -0.5], [0.35, 0.28, -0.08, -0.16, -0.12, -0.07, -0.14, -0.09, 0.16, -0.03, 0.02, -0.08], [0.14, 0.17, 0.14, -0.29, -0.26, -0.08, -0.16, 0.09, -0.23, 0.02, 0.12, 0.07], [0.24, 0.05, -0.32, -0.07, -0.01, -0.16, 0.05, -0.05, 0.33, -0.13, -0.06, -0.12], [-0.18, -0.15, 0.35, -0.16, -0.06, 0.03, 0.01, 0.02, 0.03, 0.01, -0.14, 0.54], [0.54, 0.72, -0.02, -0.18, -0.41, -0.31, 0.16, 0.29, 0.08, -0.23, -0.24, -0.41], [0.35, 0.21, 0.04, -0.06, -0.26, 0.05, 0.05, 0.01, -0.22, -0.07, -0.02, 0.05], [0.31, 0.36, 0.57, 0.1, -0.27, 0.01, -0.16, 0.1, -0.24, -0.28, -0.16, 0.22], [0.11, 0.2, -0.35, -0.4, -0.24, -0.04, -0.2, 0.23, 0.04, 0.0, 0.24, 0.6], [0.29, 0.31, 0.06, -0.05, -0.04, -0.05, -0.06, -0.06, -0.26, -0.01, 0.0, -0.01], [0.53, 0.05, 0.02, -0.06, -0.05, -0.11, -0.07, -0.07, -0.14, 0.03, 0.03, -0.09]], "score": 3.32}, {"iC": "KHENTGAVPYF", "jC": "HEDNQGVLIPF", "j": 233, "i": 232, "matrix": [[-0.0, 0.1, 0.14, 0.3, 0.07, 0.19, 0.09, 0.03, 0.03, -0.6, -0.02], [-0.11, -0.08, -0.19, -0.26, 0.01, 0.11, -0.22, -0.12, -0.2, 0.77, -0.07], [0.15, -0.31, -0.24, 0.29, 0.11, 0.02, 0.03, 0.1, 0.08, -0.47, -0.03], [-0.05, -0.16, -0.4, -0.05, -0.02, -0.32, 0.02, 0.13, 0.31, 0.47, -0.01], [-0.01, -0.1, 0.06, -0.03, -0.18, -0.06, -0.05, 0.02, -0.06, 0.36, -0.0], [-0.09, -0.07, -0.32, -0.14, -0.14, -0.77, 0.24, 0.41, 0.35, -1.73, 0.32], [0.01, 0.37, 0.39, 0.03, 0.06, 0.32, -0.09, -0.18, -0.1, -0.47, -0.01], [0.03, 0.06, 0.13, 0.0, -0.1, -0.01, -0.07, -0.08, -0.08, 0.33, 0.0], [0.3, 0.5, 0.51, 0.35, 0.33, 0.38, 0.34, 0.14, -0.02, -2.01, 0.01], [-0.06, -0.18, -0.09, -0.18, -0.08, -0.05, -0.12, -0.13, -0.11, 1.25, -0.04], [-0.04, -0.09, -0.03, -0.05, -0.03, -0.11, -0.04, -0.07, -0.08, 0.76, -0.01]], "score": 3.3}, {"iC": "HEDNQGVLIPF", "jC": "KHENTGAVPYF", "j": 232, "i": 233, "matrix": [[-0.0, -0.11, 0.15, -0.05, -0.01, -0.09, 0.01, 0.03, 0.3, -0.06, -0.04], [0.1, -0.08, -0.31, -0.16, -0.1, -0.07, 0.37, 0.06, 0.5, -0.18, -0.09], [0.14, -0.19, -0.24, -0.4, 0.06, -0.32, 0.39, 0.13, 0.51, -0.09, -0.03], [0.3, -0.26, 0.29, -0.05, -0.03, -0.14, 0.03, 0.0, 0.35, -0.18, -0.05], [0.07, 0.01, 0.11, -0.02, -0.18, -0.14, 0.06, -0.1, 0.33, -0.08, -0.03], [0.19, 0.11, 0.02, -0.32, -0.06, -0.77, 0.32, -0.01, 0.38, -0.05, -0.11], [0.09, -0.22, 0.03, 0.02, -0.05, 0.24, -0.09, -0.07, 0.34, -0.12, -0.04], [0.03, -0.12, 0.1, 0.13, 0.02, 0.41, -0.18, -0.08, 0.14, -0.13, -0.07], [0.03, -0.2, 0.08, 0.31, -0.06, 0.35, -0.1, -0.08, -0.02, -0.11, -0.08], [-0.6, 0.77, -0.47, 0.47, 0.36, -1.73, -0.47, 0.33, -2.01, 1.25, 0.76], [-0.02, -0.07, -0.03, -0.01, -0.0, 0.32, -0.01, 0.0, 0.01, -0.04, -0.01]], "score": 3.3}, {"iC": "RHEDNTSCAVPY", "jC": "KRHENQAVLIMYW", "j": 303, "i": 153, "matrix": [[-0.17, -0.51, -0.05, 0.41, -0.05, -0.01, 0.12, -0.05, -0.03, -0.0, -0.17, 0.0, -0.03], [-0.37, -0.81, -0.08, 0.13, -0.02, -0.07, -0.01, 0.28, 0.49, 0.24, -0.11, -0.12, -0.04], [0.09, 0.56, -0.02, -0.04, 0.01, 0.0, -0.1, -0.07, -0.2, -0.03, -0.13, 0.06, -0.02], [1.47, 2.57, 0.03, -0.46, -0.02, -0.2,