i,A_i,conservation,-,A,C,D,E,F,G,H,I,K,L,M,N,P,Q,R,S,T,V,W,Y
1,V,1.000,1.000,0.000,0.000,0.000,0.000,0.000,0.000,0.000,0.000,0.000,0.000,0.000,0.000,0.000,0.000,0.000,0.000,0.000,0.000,0.000,0.000
2,K,0.844,0.870,0.000,0.000,0.000,0.000,0.000,0.000,0.000,0.000,0.068,0.000,0.000,0.000,0.000,0.000,0.061,0.000,0.000,0.000,0.000,0.000
3,P,0.681,0.724,0.011,0.000,0.001,0.003,0.000,0.000,0.002,0.000,0.066,0.000,0.000,0.005,0.012,0.006,0.156,0.007,0.006,0.000,0.000,0.000
4,V,0.489,0.462,0.113,0.000,0.000,0.000,0.001,0.000,0.000,0.057,0.000,0.014,0.003,0.000,0.132,0.000,0.000,0.004,0.019,0.192,0.000,0.002
5,T,0.583,0.365,0.001,0.000,0.001,0.000,0.000,0.015,0.000,0.000,0.017,0.001,0.000,0.024,0.000,0.001,0.035,0.058,0.480,0.002,0.000,0.000
6,L,0.467,0.312,0.012,0.000,0.000,0.002,0.001,0.001,0.000,0.324,0.000,0.193,0.083,0.000,0.000,0.010,0.005,0.022,0.002,0.030,0.000,0.001
7,Y,0.259,0.302,0.093,0.000,0.021,0.038,0.007,0.008,0.024,0.012,0.201,0.012,0.003,0.020,0.001,0.037,0.099,0.039,0.026,0.017,0.001,0.040
8,D,0.544,0.297,0.014,0.000,0.504,0.095,0.000,0.001,0.006,0.001,0.007,0.002,0.005,0.003,0.000,0.032,0.003,0.009,0.018,0.002,0.000,0.001
9,V,0.595,0.294,0.000,0.000,0.000,0.000,0.004,0.000,0.000,0.216,0.000,0.051,0.001,0.000,0.000,0.000,0.000,0.000,0.000,0.434,0.000,0.000
10,A,0.755,0.290,0.682,0.001,0.000,0.000,0.000,0.003,0.000,0.000,0.000,0.000,0.001,0.000,0.000,0.000,0.000,0.020,0.000,0.001,0.000,0.000
11,E,0.332,0.289,0.108,0.000,0.029,0.092,0.002,0.004,0.007,0.003,0.151,0.013,0.001,0.013,0.000,0.043,0.211,0.014,0.013,0.006,0.000,0.002
12,Y,0.272,0.288,0.122,0.000,0.008,0.093,0.002,0.001,0.038,0.019,0.057,0.152,0.020,0.001,0.000,0.033,0.114,0.010,0.008,0.025,0.000,0.009
13,A,0.567,0.286,0.529,0.012,0.000,0.000,0.007,0.000,0.000,0.003,0.000,0.082,0.002,0.000,0.000,0.000,0.000,0.030,0.022,0.024,0.000,0.003
14,G,0.595,0.285,0.004,0.001,0.014,0.011,0.000,0.567,0.004,0.000,0.019,0.000,0.000,0.065,0.000,0.014,0.008,0.007,0.000,0.000,0.000,0.000
15,V,0.637,0.285,0.002,0.005,0.000,0.000,0.007,0.000,0.000,0.029,0.000,0.051,0.003,0.000,0.000,0.000,0.000,0.001,0.011,0.600,0.000,0.006
16,S,0.679,0.283,0.028,0.000,0.002,0.000,0.000,0.025,0.007,0.000,0.000,0.000,0.000,0.004,0.000,0.000,0.000,0.635,0.014,0.000,0.000,0.000
17,Y,0.228,0.283,0.040,0.000,0.001,0.016,0.004,0.002,0.018,0.092,0.075,0.039,0.011,0.002,0.075,0.040,0.087,0.014,0.069,0.124,0.000,0.008
18,Q,0.344,0.281,0.240,0.001,0.000,0.000,0.002,0.054,0.001,0.015,0.030,0.001,0.035,0.007,0.017,0.034,0.004,0.186,0.080,0.010,0.002,0.002
19,T,0.677,0.280,0.041,0.000,0.000,0.000,0.000,0.000,0.000,0.001,0.000,0.012,0.001,0.000,0.000,0.001,0.000,0.022,0.632,0.009,0.000,0.000
20,V,0.687,0.280,0.068,0.000,0.000,0.000,0.000,0.000,0.000,0.022,0.000,0.003,0.000,0.000,0.000,0.000,0.000,0.001,0.001,0.625,0.000,0.000
21,S,0.702,0.280,0.007,0.000,0.025,0.001,0.000,0.003,0.001,0.000,0.003,0.000,0.000,0.002,0.000,0.000,0.010,0.662,0.003,0.001,0.000,0.000
22,R,0.461,0.280,0.006,0.001,0.002,0.001,0.017,0.001,0.020,0.004,0.062,0.044,0.007,0.054,0.000,0.010,0.452,0.002,0.001,0.002,0.000,0.036
23,V,0.519,0.280,0.233,0.004,0.003,0.000,0.009,0.002,0.001,0.021,0.000,0.002,0.001,0.000,0.000,0.000,0.000,0.006,0.016,0.394,0.000,0.028
24,V,0.522,0.279,0.003,0.000,0.000,0.000,0.056,0.000,0.000,0.111,0.000,0.459,0.023,0.000,0.000,0.000,0.000,0.002,0.001,0.058,0.000,0.008
25,N,0.466,0.278,0.024,0.000,0.005,0.002,0.000,0.015,0.021,0.001,0.019,0.001,0.002,0.445,0.000,0.008,0.070,0.079,0.027,0.000,0.000,0.001
26,Q,0.350,0.278,0.015,0.000,0.103,0.026,0.001,0.291,0.020,0.000,0.027,0.002,0.001,0.137,0.013,0.019,0.037,0.015,0.009,0.001,0.000,0.005
27,A,0.197,0.287,0.029,0.000,0.037,0.028,0.003,0.030,0.047,0.004,0.087,0.023,0.003,0.040,0.084,0.017,0.100,0.097,0.041,0.012,0.000,0.029
28,S,0.258,0.297,0.071,0.000,0.054,0.052,0.003,0.117,0.014,0.002,0.023,0.006,0.001,0.010,0.187,0.013,0.040,0.050,0.029,0.007,0.004,0.020
29,H,0.185,0.290,0.022,0.001,0.045,0.024,0.009,0.094,0.022,0.006,0.054,0.036,0.005,0.054,0.039,0.025,0.115,0.073,0.024,0.012,0.002,0.047
30,V,0.542,0.288,0.017,0.001,0.000,0.000,0.008,0.001,0.000,0.147,0.000,0.038,0.013,0.000,0.002,0.000,0.000,0.003,0.007,0.470,0.000,0.003
31,S,0.390,0.286,0.077,0.000,0.015,0.003,0.000,0.034,0.007,0.001,0.050,0.005,0.000,0.041,0.014,0.003,0.076,0.358,0.026,0.002,0.000,0.000
32,A,0.322,0.286,0.112,0.000,0.074,0.200,0.001,0.008,0.003,0.003,0.039,0.009,0.001,0.005,0.165,0.034,0.015,0.021,0.013,0.010,0.000,0.001
33,K,0.311,0.284,0.148,0.000,0.069,0.230,0.000,0.019,0.007,0.003,0.078,0.004,0.001,0.008,0.015,0.031,0.027,0.042,0.023,0.012,0.000,0.000
34,T,0.512,0.282,0.031,0.000,0.000,0.000,0.001,0.000,0.000,0.014,0.027,0.052,0.016,0.010,0.000,0.001,0.008,0.014,0.506,0.034,0.000,0.002
35,R,0.450,0.281,0.053,0.002,0.000,0.013,0.001,0.003,0.003,0.019,0.097,0.020,0.002,0.000,0.000,0.022,0.432,0.008,0.010,0.031,0.000,0.003
36,E,0.290,0.280,0.109,0.000,0.055,0.203,0.001,0.007,0.005,0.007,0.084,0.021,0.003,0.015,0.000,0.088,0.074,0.018,0.020,0.010,0.000,0.001
37,K,0.455,0.279,0.055,0.000,0.002,0.008,0.001,0.001,0.012,0.005,0.195,0.027,0.003,0.004,0.000,0.015,0.370,0.008,0.007,0.005,0.000,0.001
38,V,0.654,0.278,0.003,0.000,0.000,0.000,0.000,0.001,0.000,0.183,0.000,0.003,0.000,0.000,0.000,0.000,0.000,0.000,0.000,0.531,0.000,0.000
39,E,0.266,0.277,0.018,0.001,0.008,0.103,0.020,0.002,0.016,0.019,0.038,0.226,0.038,0.018,0.000,0.071,0.096,0.006,0.014,0.014,0.007,0.007
40,A,0.301,0.276,0.190,0.000,0.062,0.144,0.001,0.009,0.006,0.002,0.086,0.009,0.002,0.013,0.000,0.075,0.074,0.027,0.021,0.004,0.000,0.001
41,A,0.443,0.273,0.419,0.003,0.000,0.007,0.005,0.002,0.002,0.064,0.009,0.039,0.007,0.000,0.000,0.001,0.003,0.017,0.033,0.106,0.001,0.009
42,M,0.456,0.270,0.324,0.004,0.000,0.000,0.001,0.001,0.000,0.196,0.001,0.035,0.062,0.000,0.000,0.001,0.001,0.005,0.002,0.096,0.000,0.000
43,A,0.285,0.267,0.121,0.000,0.080,0.168,0.000,0.010,0.009,0.004,0.104,0.009,0.001,0.018,0.000,0.044,0.113,0.022,0.019,0.008,0.000,0.000
44,E,0.338,0.266,0.069,0.000,0.042,0.305,0.001,0.005,0.004,0.002,0.070,0.012,0.003,0.005,0.000,0.073,0.083,0.026,0.022,0.010,0.000,0.001
45,L,0.484,0.265,0.007,0.002,0.001,0.005,0.005,0.004,0.024,0.024,0.003,0.514,0.045,0.006,0.001,0.006,0.005,0.009,0.036,0.019,0.001,0.017
46,N,0.478,0.264,0.008,0.000,0.062,0.012,0.000,0.445,0.019,0.001,0.011,0.002,0.000,0.133,0.000,0.013,0.014,0.014,0.002,0.001,0.000,0.000
47,Y,0.651,0.263,0.004,0.001,0.001,0.001,0.067,0.001,0.001,0.002,0.001,0.007,0.001,0.000,0.001,0.001,0.002,0.002,0.002,0.005,0.011,0.628
48,I,0.256,0.261,0.029,0.001,0.006,0.031,0.007,0.004,0.029,0.034,0.043,0.014,0.004,0.004,0.006,0.072,0.202,0.038,0.056,0.151,0.000,0.008
49,P,0.464,0.259,0.034,0.000,0.002,0.005,0.005,0.007,0.005,0.009,0.016,0.012,0.003,0.002,0.497,0.008,0.062,0.013,0.014,0.036,0.000,0.010
50,N,0.443,0.256,0.011,0.001,0.069,0.005,0.002,0.006,0.025,0.002,0.013,0.006,0.001,0.452,0.014,0.008,0.021,0.092,0.009,0.005,0.000,0.002
51,R,0.160,0.251,0.134,0.000,0.013,0.029,0.016,0.030,0.018,0.027,0.028,0.074,0.018,0.017,0.072,0.042,0.083,0.059,0.037,0.040,0.001,0.010
52,V,0.203,0.255,0.180,0.000,0.004,0.006,0.026,0.024,0.018,0.059,0.010,0.099,0.029,0.030,0.014,0.026,0.027,0.077,0.034,0.069,0.001,0.010
53,A,0.607,0.254,0.621,0.000,0.003,0.006,0.001,0.042,0.002,0.003,0.009,0.006,0.002,0.003,0.007,0.005,0.013,0.010,0.006,0.006,0.000,0.001
54,Q,0.379,0.252,0.052,0.001,0.006,0.007,0.001,0.024,0.003,0.007,0.046,0.013,0.003,0.004,0.009,0.071,0.397,0.068,0.016,0.020,0.000,0.001
55,Q,0.274,0.233,0.166,0.001,0.010,0.010,0.004,0.094,0.010,0.007,0.015,0.012,0.011,0.071,0.007,0.035,0.044,0.224,0.037,0.008,0.000,0.002
56,L,0.511,0.216,0.032,0.001,0.003,0.006,0.016,0.010,0.002,0.013,0.006,0.581,0.040,0.003,0.014,0.007,0.006,0.013,0.015,0.015,0.000,0.002
57,A,0.268,0.171,0.211,0.000,0.007,0.013,0.005,0.016,0.006,0.020,0.095,0.011,0.004,0.014,0.013,0.017,0.230,0.069,0.023,0.072,0.000,0.005
58,G,0.182,0.137,0.090,0.001,0.016,0.023,0.003,0.076,0.009,0.006,0.062,0.032,0.015,0.037,0.014,0.041,0.089,0.162,0.167,0.014,0.000,0.004
59,K,0.235,0.103,0.080,0.000,0.026,0.025,0.001,0.268,0.011,0.002,0.111,0.006,0.003,0.059,0.011,0.080,0.108,0.071,0.024,0.008,0.000,0.002
60,Q,0.247,0.078,0.042,0.002,0.039,0.054,0.002,0.045,0.021,0.004,0.173,0.009,0.002,0.021,0.016,0.050,0.312,0.078,0.040,0.010,0.000,0.002
61,S,0.278,0.054,0.062,0.001,0.025,0.020,0.007,0.041,0.009,0.008,0.058,0.011,0.005,0.030,0.031,0.021,0.030,0.271,0.295,0.017,0.000,0.003
62,L,0.089,0.034,0.029,0.002,0.042,0.021,0.032,0.136,0.040,0.030,0.112,0.044,0.024,0.097,0.035,0.038,0.134,0.030,0.028,0.026,0.008,0.060
63,L,0.211,0.020,0.059,0.005,0.005,0.009,0.011,0.003,0.010,0.070,0.076,0.119,0.035,0.041,0.003,0.018,0.064,0.066,0.287,0.090,0.000,0.007
64,I,0.579,0.014,0.011,0.001,0.000,0.000,0.030,0.000,0.001,0.533,0.000,0.127,0.007,0.001,0.000,0.000,0.001,0.001,0.002,0.265,0.001,0.005
65,G,0.552,0.012,0.233,0.014,0.011,0.008,0.004,0.601,0.002,0.007,0.003,0.029,0.004,0.001,0.003,0.002,0.002,0.015,0.013,0.029,0.000,0.006
66,V,0.435,0.009,0.033,0.008,0.000,0.000,0.098,0.002,0.003,0.111,0.000,0.331,0.047,0.000,0.000,0.000,0.000,0.002,0.005,0.327,0.004,0.019
67,A,0.386,0.007,0.062,0.007,0.002,0.001,0.027,0.003,0.002,0.253,0.000,0.206,0.026,0.002,0.002,0.001,0.003,0.066,0.020,0.301,0.001,0.006
68,T,0.255,0.007,0.047,0.009,0.002,0.002,0.049,0.010,0.006,0.151,0.000,0.171,0.061,0.014,0.017,0.024,0.004,0.033,0.076,0.283,0.007,0.025
69,S,0.243,0.006,0.068,0.009,0.047,0.029,0.016,0.038,0.035,0.010,0.053,0.022,0.008,0.035,0.404,0.024,0.019,0.091,0.051,0.013,0.006,0.017
70,S,0.170,0.009,0.050,0.001,0.245,0.106,0.018,0.065,0.020,0.008,0.021,0.022,0.008,0.084,0.013,0.030,0.049,0.100,0.100,0.017,0.003,0.030
71,L,0.187,0.024,0.049,0.001,0.012,0.018,0.085,0.026,0.007,0.188,0.018,0.247,0.039,0.013,0.041,0.021,0.012,0.044,0.049,0.082,0.003,0.017
72,A,0.160,0.013,0.126,0.003,0.102,0.075,0.005,0.084,0.021,0.012,0.021,0.020,0.007,0.069,0.010,0.042,0.048,0.172,0.133,0.026,0.002,0.010
73,L,0.264,0.011,0.027,0.001,0.172,0.045,0.007,0.053,0.059,0.016,0.005,0.029,0.006,0.338,0.006,0.020,0.023,0.110,0.048,0.015,0.002,0.008
74,H,0.259,0.002,0.062,0.000,0.043,0.067,0.017,0.039,0.024,0.014,0.005,0.026,0.009,0.027,0.421,0.032,0.025,0.072,0.044,0.018,0.010,0.043
75,A,0.377,0.001,0.018,0.001,0.002,0.003,0.452,0.031,0.017,0.034,0.001,0.028,0.008,0.013,0.002,0.004,0.032,0.019,0.013,0.051,0.064,0.207
76,P,0.267,0.001,0.042,0.005,0.009,0.011,0.391,0.013,0.017,0.025,0.002,0.042,0.025,0.014,0.022,0.015,0.030,0.043,0.028,0.027,0.099,0.140
77,S,0.149,0.001,0.203,0.001,0.032,0.024,0.011,0.080,0.010,0.038,0.023,0.051,0.035,0.034,0.063,0.046,0.027,0.156,0.078,0.072,0.003,0.011
78,Q,0.155,0.000,0.129,0.002,0.077,0.200,0.005,0.042,0.017,0.018,0.039,0.038,0.012,0.031,0.033,0.085,0.077,0.096,0.064,0.023,0.002,0.010
79,I,0.285,0.000,0.044,0.006,0.030,0.013,0.077,0.007,0.002,0.184,0.001,0.231,0.098,0.007,0.003,0.011,0.002,0.010,0.036,0.213,0.006,0.018
80,V,0.209,0.000,0.146,0.004,0.009,0.025,0.027,0.025,0.009,0.164,0.033,0.223,0.034,0.018,0.001,0.025,0.050,0.019,0.037,0.129,0.005,0.017
81,A,0.141,0.000,0.106,0.005,0.081,0.109,0.009,0.033,0.035,0.010,0.102,0.034,0.012,0.055,0.008,0.083,0.163,0.077,0.039,0.018,0.003,0.017
82,A,0.428,0.000,0.151,0.003,0.009,0.038,0.008,0.549,0.019,0.009,0.010,0.018,0.004,0.020,0.003,0.015,0.016,0.072,0.020,0.018,0.002,0.016
83,I,0.409,0.000,0.188,0.007,0.000,0.000,0.055,0.006,0.000,0.311,0.002,0.147,0.061,0.000,0.000,0.001,0.000,0.004,0.010,0.203,0.001,0.003
84,K,0.231,0.000,0.068,0.004,0.039,0.348,0.004,0.024,0.013,0.027,0.066,0.038,0.014,0.029,0.002,0.107,0.037,0.071,0.053,0.044,0.001,0.011
85,S,0.200,0.000,0.140,0.001,0.149,0.175,0.003,0.019,0.017,0.009,0.090,0.021,0.009,0.038,0.005,0.086,0.098,0.072,0.048,0.013,0.002,0.005
86,R,0.231,0.001,0.301,0.006,0.005,0.153,0.013,0.031,0.015,0.036,0.038,0.022,0.010,0.007,0.001,0.048,0.065,0.030,0.056,0.121,0.003,0.039
87,A,0.452,0.001,0.473,0.063,0.001,0.003,0.032,0.025,0.000,0.034,0.002,0.253,0.015,0.002,0.000,0.005,0.001,0.021,0.018,0.047,0.000,0.003
88,D,0.153,0.001,0.145,0.001,0.052,0.132,0.017,0.036,0.032,0.011,0.108,0.028,0.008,0.039,0.004,0.063,0.151,0.081,0.046,0.015,0.007,0.025
89,Q,0.224,0.002,0.167,0.001,0.083,0.238,0.003,0.034,0.011,0.005,0.117,0.023,0.011,0.023,0.026,0.075,0.092,0.053,0.027,0.009,0.000,0.002
90,L,0.140,0.003,0.152,0.004,0.023,0.050,0.025,0.015,0.108,0.013,0.055,0.141,0.017,0.061,0.002,0.055,0.122,0.052,0.037,0.015,0.002,0.047
91,G,0.548,0.001,0.009,0.001,0.102,0.029,0.000,0.655,0.016,0.002,0.028,0.001,0.001,0.077,0.008,0.021,0.024,0.020,0.003,0.002,0.000,0.001
92,A,0.293,0.000,0.045,0.020,0.006,0.003,0.077,0.013,0.023,0.067,0.019,0.097,0.028,0.005,0.004,0.010,0.020,0.011,0.012,0.111,0.017,0.409
93,S,0.118,0.000,0.054,0.003,0.116,0.096,0.018,0.039,0.055,0.011,0.069,0.029,0.013,0.077,0.007,0.096,0.068,0.104,0.102,0.026,0.006,0.011
94,V,0.399,0.000,0.036,0.010,0.000,0.000,0.026,0.004,0.001,0.110,0.001,0.351,0.044,0.001,0.034,0.002,0.001,0.012,0.054,0.298,0.002,0.012
95,V,0.238,0.000,0.019,0.002,0.035,0.038,0.040,0.003,0.006,0.168,0.024,0.261,0.059,0.019,0.000,0.030,0.018,0.038,0.070,0.161,0.001,0.009
96,V,0.345,0.000,0.023,0.004,0.001,0.006,0.063,0.002,0.004,0.194,0.006,0.325,0.028,0.003,0.006,0.006,0.006,0.015,0.041,0.208,0.009,0.049
97,S,0.101,0.000,0.127,0.103,0.012,0.034,0.067,0.075,0.028,0.044,0.016,0.080,0.026,0.014,0.001,0.050,0.033,0.090,0.065,0.086,0.004,0.046
98,M,0.119,0.000,0.057,0.013,0.126,0.035,0.032,0.050,0.021,0.031,0.006,0.034,0.013,0.168,0.057,0.050,0.020,0.119,0.086,0.046,0.005,0.030
99,V,0.212,0.000,0.179,0.015,0.020,0.012,0.016,0.070,0.016,0.034,0.005,0.048,0.010,0.016,0.053,0.017,0.011,0.196,0.197,0.066,0.003,0.015
100,E,0.142,0.000,0.066,0.002,0.173,0.102,0.012,0.111,0.051,0.006,0.039,0.021,0.007,0.096,0.040,0.074,0.064,0.066,0.041,0.011,0.002,0.017
101,R,0.141,0.001,0.047,0.001,0.139,0.138,0.020,0.138,0.026,0.007,0.017,0.026,0.007,0.105,0.040,0.047,0.047,0.074,0.041,0.011,0.007,0.062
102,S,0.198,0.005,0.050,0.002,0.307,0.076,0.020,0.062,0.017,0.011,0.035,0.027,0.006,0.079,0.025,0.033,0.042,0.131,0.036,0.020,0.004,0.012
103,G,0.705,0.806,0.009,0.000,0.082,0.011,0.001,0.014,0.004,0.001,0.005,0.001,0.001,0.017,0.002,0.007,0.005,0.021,0.013,0.001,0.000,0.001
104,V,0.135,0.164,0.116,0.001,0.037,0.054,0.015,0.034,0.015,0.040,0.025,0.051,0.009,0.016,0.174,0.038,0.037,0.044,0.035,0.076,0.001,0.018
105,E,0.183,0.102,0.150,0.001,0.124,0.216,0.003,0.044,0.013,0.011,0.036,0.017,0.007,0.036,0.021,0.058,0.035,0.061,0.037,0.023,0.001,0.004
106,A,0.130,0.087,0.059,0.001,0.059,0.093,0.003,0.046,0.013,0.020,0.154,0.052,0.009,0.036,0.016,0.058,0.144,0.053,0.065,0.024,0.004,0.004
107,C,0.288,0.072,0.036,0.004,0.019,0.359,0.021,0.019,0.009,0.025,0.008,0.049,0.021,0.007,0.015,0.234,0.024,0.015,0.019,0.034,0.002,0.008
108,K,0.113,0.044,0.115,0.003,0.052,0.088,0.007,0.018,0.013,0.091,0.061,0.101,0.016,0.035,0.011,0.057,0.126,0.044,0.032,0.080,0.002,0.007
109,A,0.148,0.027,0.124,0.001,0.085,0.151,0.005,0.031,0.023,0.008,0.070,0.017,0.006,0.055,0.019,0.085,0.111,0.104,0.053,0.017,0.003,0.005
110,A,0.126,0.023,0.158,0.013,0.039,0.011,0.037,0.014,0.025,0.072,0.010,0.144,0.025,0.037,0.007,0.107,0.018,0.029,0.022,0.079,0.015,0.115
111,V,0.309,0.019,0.071,0.006,0.004,0.010,0.045,0.008,0.003,0.243,0.005,0.262,0.030,0.002,0.016,0.005,0.023,0.012,0.021,0.200,0.003,0.013
112,H,0.226,0.018,0.057,0.001,0.148,0.237,0.002,0.021,0.018,0.004,0.052,0.014,0.004,0.065,0.008,0.101,0.154,0.052,0.030,0.005,0.001,0.009
113,N,0.080,0.017,0.095,0.001,0.070,0.051,0.023,0.029,0.023,0.025,0.029,0.104,0.058,0.079,0.006,0.054,0.073,0.091,0.100,0.031,0.013,0.028
114,L,0.357,0.022,0.100,0.016,0.002,0.005,0.117,0.004,0.003,0.057,0.001,0.432,0.112,0.002,0.006,0.005,0.003,0.009,0.008,0.069,0.012,0.014
115,L,0.169,0.045,0.075,0.005,0.020,0.030,0.010,0.017,0.014,0.197,0.038,0.204,0.025,0.018,0.009,0.033,0.090,0.038,0.032,0.089,0.002,0.010
116,A,0.178,0.013,0.176,0.001,0.080,0.111,0.003,0.073,0.013,0.004,0.028,0.018,0.005,0.066,0.011,0.082,0.077,0.148,0.070,0.013,0.001,0.006
117,Q,0.163,0.005,0.055,0.001,0.027,0.035,0.010,0.083,0.049,0.006,0.120,0.038,0.014,0.045,0.009,0.162,0.202,0.061,0.020,0.007,0.019,0.033
118,R,0.230,0.002,0.033,0.002,0.031,0.020,0.006,0.207,0.034,0.005,0.105,0.033,0.016,0.066,0.014,0.114,0.238,0.045,0.013,0.007,0.001,0.007
119,V,0.415,0.001,0.115,0.034,0.002,0.001,0.025,0.005,0.002,0.096,0.001,0.042,0.013,0.001,0.087,0.001,0.003,0.017,0.020,0.507,0.001,0.024
120,S,0.512,0.000,0.074,0.005,0.649,0.057,0.001,0.018,0.008,0.003,0.039,0.006,0.002,0.024,0.002,0.020,0.026,0.045,0.012,0.007,0.000,0.001
121,G,0.653,0.000,0.215,0.006,0.000,0.000,0.002,0.669,0.001,0.011,0.001,0.018,0.002,0.001,0.000,0.000,0.001,0.007,0.003,0.057,0.000,0.004
122,L,0.469,0.000,0.050,0.007,0.000,0.000,0.046,0.002,0.000,0.326,0.000,0.300,0.033,0.000,0.000,0.000,0.000,0.003,0.005,0.217,0.002,0.009
123,I,0.533,0.000,0.051,0.007,0.000,0.000,0.022,0.008,0.000,0.472,0.000,0.189,0.017,0.000,0.000,0.000,0.000,0.002,0.001,0.228,0.000,0.001
124,I,0.388,0.000,0.048,0.010,0.001,0.001,0.072,0.008,0.002,0.221,0.000,0.291,0.033,0.001,0.000,0.002,0.000,0.016,0.018,0.250,0.003,0.022
125,N,0.159,0.000,0.166,0.028,0.025,0.011,0.035,0.024,0.015,0.080,0.004,0.112,0.047,0.047,0.010,0.017,0.006,0.122,0.094,0.134,0.006,0.018
126,Y,0.252,0.000,0.136,0.013,0.038,0.016,0.008,0.160,0.010,0.016,0.002,0.041,0.009,0.023,0.269,0.006,0.013,0.140,0.059,0.029,0.002,0.010
127,P,0.105,0.004,0.108,0.015,0.017,0.022,0.025,0.060,0.026,0.064,0.016,0.077,0.022,0.036,0.099,0.028,0.026,0.116,0.101,0.118,0.005,0.015
128,L,0.105,0.006,0.058,0.004,0.205,0.072,0.034,0.065,0.046,0.021,0.035,0.052,0.015,0.057,0.018,0.035,0.077,0.081,0.056,0.039,0.006,0.018
129,D,0.083,0.004,0.081,0.008,0.066,0.071,0.021,0.072,0.055,0.038,0.019,0.103,0.024,0.029,0.098,0.024,0.041,0.113,0.062,0.052,0.002,0.017
130,D,0.142,0.014,0.080,0.002,0.167,0.100,0.006,0.053,0.023,0.011,0.047,0.020,0.005,0.054,0.070,0.034,0.043,0.109,0.129,0.023,0.001,0.008
131,Q,0.243,0.349,0.160,0.001,0.081,0.048,0.008,0.055,0.011,0.009,0.016,0.027,0.008,0.024,0.028,0.028,0.019,0.056,0.038,0.025,0.005,0.006
132,D,0.120,0.168,0.082,0.004,0.157,0.080,0.012,0.030,0.019,0.029,0.038,0.030,0.006,0.040,0.055,0.032,0.044,0.056,0.053,0.052,0.001,0.010
133,A,0.179,0.062,0.127,0.001,0.112,0.155,0.002,0.047,0.014,0.004,0.039,0.010,0.003,0.029,0.168,0.040,0.046,0.077,0.044,0.015,0.001,0.003
134,I,0.095,0.054,0.143,0.004,0.028,0.049,0.033,0.019,0.056,0.072,0.012,0.128,0.019,0.012,0.021,0.037,0.070,0.039,0.042,0.112,0.007,0.041
135,A,0.254,0.052,0.059,0.005,0.004,0.011,0.044,0.007,0.008,0.178,0.007,0.280,0.018,0.003,0.028,0.008,0.031,0.013,0.025,0.174,0.005,0.040
136,V,0.149,0.068,0.118,0.001,0.102,0.158,0.004,0.025,0.015,0.012,0.110,0.045,0.006,0.040,0.018,0.087,0.095,0.039,0.034,0.015,0.001,0.005
137,E,0.107,0.033,0.120,0.001,0.038,0.129,0.019,0.016,0.015,0.020,0.114,0.090,0.031,0.020,0.023,0.078,0.116,0.041,0.031,0.025,0.015,0.024
138,A,0.320,0.028,0.248,0.021,0.007,0.014,0.049,0.009,0.006,0.079,0.005,0.364,0.022,0.005,0.008,0.006,0.010,0.015,0.013,0.061,0.004,0.025
139,A,0.100,0.020,0.130,0.008,0.033,0.068,0.011,0.018,0.033,0.057,0.111,0.092,0.026,0.036,0.007,0.062,0.119,0.040,0.040,0.072,0.003,0.016
140,C,0.177,0.010,0.177,0.004,0.125,0.141,0.005,0.042,0.012,0.005,0.086,0.020,0.005,0.049,0.023,0.069,0.102,0.080,0.028,0.008,0.005,0.004
141,T,0.152,0.004,0.241,0.006,0.025,0.048,0.012,0.029,0.028,0.026,0.074,0.094,0.015,0.038,0.015,0.065,0.113,0.089,0.035,0.022,0.006,0.016
142,N,0.319,0.003,0.024,0.002,0.087,0.038,0.003,0.444,0.026,0.004,0.066,0.008,0.002,0.090,0.028,0.035,0.064,0.043,0.021,0.006,0.000,0.007
143,V,0.308,0.006,0.025,0.012,0.003,0.004,0.043,0.016,0.007,0.361,0.030,0.122,0.032,0.003,0.016,0.010,0.022,0.009,0.061,0.203,0.000,0.015
144,P,0.630,0.002,0.028,0.001,0.003,0.005,0.004,0.007,0.012,0.007,0.053,0.009,0.001,0.014,0.769,0.009,0.032,0.013,0.014,0.014,0.001,0.005
145,A,0.371,0.001,0.049,0.021,0.000,0.000,0.088,0.004,0.006,0.127,0.002,0.134,0.032,0.001,0.002,0.001,0.002,0.013,0.065,0.419,0.003,0.030
146,L,0.626,0.000,0.037,0.005,0.000,0.000,0.021,0.003,0.000,0.188,0.000,0.046,0.012,0.001,0.001,0.001,0.000,0.005,0.011,0.668,0.000,0.002
147,F,0.202,0.000,0.118,0.019,0.009,0.024,0.104,0.024,0.006,0.047,0.001,0.243,0.040,0.022,0.002,0.019,0.015,0.060,0.097,0.124,0.002,0.025
148,L,0.297,0.000,0.050,0.022,0.002,0.001,0.110,0.011,0.014,0.212,0.000,0.182,0.035,0.002,0.001,0.004,0.000,0.012,0.028,0.238,0.015,0.059
149,D,0.376,0.000,0.038,0.007,0.425,0.037,0.007,0.189,0.010,0.007,0.001,0.015,0.016,0.149,0.001,0.006,0.003,0.036,0.012,0.016,0.016,0.009
150,V,0.231,0.001,0.064,0.017,0.039,0.045,0.012,0.055,0.022,0.015,0.017,0.014,0.007,0.040,0.030,0.031,0.372,0.116,0.063,0.023,0.007,0.013
151,S,0.072,0.001,0.066,0.008,0.093,0.062,0.022,0.069,0.033,0.033,0.035,0.073,0.011,0.032,0.119,0.033,0.073,0.060,0.056,0.060,0.006,0.055
152,D,0.116,0.082,0.072,0.002,0.137,0.105,0.016,0.064,0.018,0.013,0.035,0.036,0.007,0.052,0.145,0.027,0.037,0.066,0.050,0.023,0.003,0.009
153,Q,0.118,0.024,0.073,0.005,0.136,0.084,0.014,0.171,0.029,0.024,0.022,0.039,0.008,0.048,0.047,0.029,0.031,0.105,0.055,0.041,0.002,0.012
154,T,0.094,0.017,0.095,0.007,0.094,0.097,0.016,0.071,0.017,0.043,0.048,0.078,0.014,0.029,0.148,0.031,0.031,0.062,0.039,0.046,0.004,0.012
155,P,0.121,0.003,0.089,0.005,0.131,0.074,0.007,0.154,0.023,0.024,0.043,0.025,0.006,0.065,0.079,0.037,0.086,0.057,0.034,0.037,0.003,0.019
156,I,0.141,0.003,0.115,0.032,0.070,0.015,0.071,0.027,0.028,0.101,0.010,0.120,0.016,0.008,0.008,0.015,0.019,0.040,0.065,0.185,0.006,0.047
157,N,0.172,0.002,0.115,0.026,0.173,0.011,0.015,0.034,0.039,0.019,0.004,0.025,0.019,0.033,0.188,0.008,0.020,0.129,0.065,0.028,0.005,0.041
158,S,0.147,0.002,0.073,0.058,0.005,0.007,0.092,0.017,0.045,0.018,0.024,0.032,0.011,0.028,0.001,0.031,0.031,0.186,0.093,0.058,0.030,0.158
159,I,0.595,0.001,0.035,0.003,0.000,0.003,0.030,0.002,0.002,0.200,0.000,0.055,0.005,0.003,0.001,0.001,0.001,0.006,0.011,0.636,0.000,0.006
160,I,0.154,0.001,0.092,0.018,0.080,0.022,0.015,0.226,0.013,0.040,0.011,0.059,0.018,0.029,0.002,0.018,0.043,0.106,0.092,0.083,0.010,0.022
161,F,0.170,0.001,0.081,0.025,0.008,0.005,0.088,0.028,0.008,0.135,0.000,0.071,0.028,0.025,0.053,0.026,0.003,0.140,0.117,0.138,0.002,0.018
162,S,0.633,0.001,0.024,0.001,0.734,0.025,0.001,0.011,0.007,0.001,0.006,0.002,0.000,0.108,0.008,0.006,0.006,0.043,0.013,0.002,0.000,0.001
163,H,0.360,0.001,0.019,0.002,0.188,0.052,0.035,0.024,0.065,0.005,0.001,0.016,0.003,0.447,0.010,0.040,0.006,0.039,0.009,0.007,0.003,0.030
164,E,0.143,0.000,0.095,0.004,0.018,0.127,0.087,0.017,0.027,0.036,0.040,0.036,0.007,0.006,0.009,0.029,0.132,0.022,0.038,0.122,0.017,0.130
165,D,0.163,0.000,0.190,0.001,0.062,0.128,0.007,0.091,0.025,0.009,0.090,0.059,0.012,0.025,0.008,0.110,0.060,0.050,0.037,0.021,0.001,0.013
166,G,0.418,0.000,0.318,0.007,0.004,0.012,0.011,0.389,0.001,0.039,0.001,0.023,0.022,0.008,0.006,0.007,0.001,0.062,0.015,0.066,0.002,0.007
167,T,0.457,0.000,0.286,0.006,0.000,0.002,0.014,0.435,0.000,0.037,0.000,0.011,0.048,0.000,0.001,0.004,0.000,0.052,0.045,0.053,0.000,0.004
168,R,0.199,0.000,0.092,0.007,0.012,0.095,0.041,0.018,0.023,0.014,0.080,0.029,0.011,0.009,0.001,0.057,0.268,0.023,0.033,0.047,0.004,0.135
169,L,0.189,0.000,0.117,0.003,0.065,0.109,0.006,0.009,0.008,0.043,0.051,0.235,0.069,0.019,0.001,0.093,0.048,0.032,0.058,0.030,0.001,0.004
170,G,0.449,0.000,0.541,0.011,0.001,0.007,0.002,0.036,0.001,0.062,0.000,0.103,0.052,0.002,0.001,0.057,0.001,0.022,0.013,0.087,0.001,0.001
171,V,0.398,0.000,0.246,0.014,0.000,0.000,0.010,0.147,0.000,0.037,0.000,0.047,0.029,0.000,0.000,0.000,0.000,0.004,0.239,0.222,0.001,0.002
172,E,0.246,0.001,0.061,0.003,0.113,0.253,0.002,0.025,0.016,0.003,0.089,0.013,0.005,0.046,0.000,0.105,0.166,0.045,0.039,0.005,0.005,0.005
173,H,0.316,0.001,0.063,0.003,0.006,0.036,0.038,0.009,0.416,0.011,0.024,0.059,0.013,0.005,0.000,0.022,0.046,0.020,0.016,0.009,0.025,0.178
174,L,0.659,0.000,0.036,0.003,0.000,0.000,0.043,0.001,0.000,0.067,0.000,0.742,0.051,0.000,0.000,0.000,0.000,0.001,0.004,0.048,0.001,0.002
175,V,0.280,0.000,0.154,0.014,0.004,0.008,0.019,0.024,0.020,0.241,0.024,0.232,0.012,0.007,0.000,0.010,0.024,0.014,0.021,0.141,0.006,0.025
176,A,0.254,0.000,0.148,0.001,0.153,0.211,0.001,0.082,0.008,0.001,0.100,0.008,0.004,0.035,0.001,0.060,0.063,0.094,0.022,0.004,0.001,0.002
177,L,0.249,0.002,0.090,0.013,0.010,0.019,0.005,0.014,0.054,0.012,0.101,0.343,0.026,0.040,0.002,0.095,0.097,0.030,0.028,0.007,0.001,0.012
178,G,0.715,0.001,0.012,0.001,0.021,0.022,0.000,0.833,0.006,0.001,0.025,0.002,0.001,0.021,0.015,0.011,0.008,0.010,0.006,0.002,0.000,0.002
179,H,0.290,0.005,0.042,0.054,0.018,0.031,0.016,0.033,0.437,0.009,0.081,0.010,0.002,0.012,0.029,0.011,0.086,0.022,0.012,0.015,0.002,0.072
180,Q,0.325,0.001,0.032,0.003,0.023,0.053,0.009,0.124,0.011,0.006,0.137,0.005,0.001,0.010,0.006,0.048,0.395,0.032,0.087,0.011,0.001,0.003
181,Q,0.324,0.000,0.018,0.003,0.056,0.049,0.001,0.009,0.048,0.002,0.166,0.003,0.001,0.112,0.008,0.041,0.383,0.043,0.041,0.010,0.000,0.003
182,I,0.556,0.000,0.018,0.003,0.000,0.000,0.044,0.003,0.000,0.583,0.000,0.073,0.008,0.001,0.025,0.000,0.000,0.001,0.004,0.210,0.001,0.024
183,A,0.424,0.000,0.432,0.009,0.001,0.016,0.009,0.223,0.009,0.036,0.001,0.090,0.009,0.001,0.000,0.002,0.003,0.008,0.011,0.120,0.008,0.010
184,L,0.226,0.000,0.025,0.037,0.000,0.034,0.207,0.009,0.096,0.107,0.002,0.141,0.062,0.003,0.001,0.008,0.006,0.003,0.022,0.103,0.008,0.123
185,L,0.465,0.000,0.032,0.010,0.000,0.002,0.055,0.001,0.001,0.339,0.000,0.279,0.030,0.001,0.001,0.003,0.000,0.003,0.008,0.229,0.000,0.006
186,A,0.180,0.000,0.150,0.016,0.025,0.034,0.014,0.224,0.014,0.022,0.020,0.031,0.018,0.065,0.007,0.028,0.036,0.119,0.126,0.033,0.006,0.013
187,G,0.381,0.000,0.063,0.006,0.036,0.023,0.012,0.565,0.028,0.015,0.010,0.024,0.006,0.022,0.033,0.016,0.015,0.051,0.029,0.025,0.007,0.015
188,P,0.166,0.001,0.064,0.002,0.090,0.053,0.010,0.032,0.022,0.035,0.025,0.045,0.009,0.043,0.272,0.035,0.053,0.107,0.056,0.032,0.003,0.011
189,L,0.115,0.089,0.103,0.001,0.052,0.094,0.010,0.022,0.019,0.018,0.041,0.101,0.022,0.018,0.158,0.056,0.049,0.067,0.039,0.030,0.002,0.009
190,S,0.153,0.041,0.057,0.001,0.167,0.070,0.010,0.191,0.039,0.008,0.027,0.014,0.005,0.063,0.014,0.032,0.054,0.083,0.085,0.014,0.006,0.016
191,S,0.085,0.019,0.075,0.004,0.098,0.020,0.045,0.020,0.045,0.053,0.012,0.097,0.030,0.066,0.009,0.030,0.030,0.151,0.078,0.058,0.021,0.038
192,V,0.077,0.011,0.075,0.002,0.039,0.045,0.031,0.043,0.027,0.032,0.020,0.052,0.015,0.058,0.109,0.038,0.057,0.152,0.084,0.053,0.019,0.037
193,S,0.113,0.005,0.113,0.014,0.051,0.028,0.025,0.036,0.023,0.044,0.003,0.027,0.007,0.104,0.068,0.030,0.039,0.127,0.128,0.095,0.013,0.019
194,A,0.179,0.002,0.247,0.014,0.030,0.020,0.030,0.113,0.031,0.032,0.004,0.036,0.018,0.028,0.012,0.034,0.024,0.148,0.104,0.055,0.002,0.017
195,R,0.115,0.001,0.087,0.002,0.059,0.089,0.012,0.031,0.031,0.058,0.063,0.051,0.016,0.049,0.009,0.101,0.175,0.038,0.047,0.058,0.004,0.018
196,L,0.178,0.000,0.091,0.002,0.165,0.213,0.018,0.026,0.019,0.019,0.032,0.099,0.016,0.031,0.014,0.097,0.071,0.028,0.018,0.021,0.005,0.013
197,R,0.747,0.000,0.006,0.002,0.000,0.001,0.036,0.002,0.003,0.011,0.026,0.014,0.005,0.001,0.001,0.003,0.854,0.004,0.006,0.009,0.011,0.005
198,L,0.127,0.001,0.052,0.018,0.014,0.078,0.056,0.021,0.028,0.065,0.046,0.221,0.026,0.009,0.001,0.026,0.102,0.028,0.054,0.065,0.019,0.069
199,A,0.193,0.001,0.163,0.001,0.100,0.160,0.005,0.020,0.016,0.014,0.098,0.041,0.010,0.051,0.001,0.106,0.116,0.042,0.035,0.014,0.001,0.004
200,G,0.695,0.001,0.129,0.003,0.004,0.007,0.003,0.774,0.003,0.004,0.001,0.005,0.001,0.002,0.001,0.002,0.003,0.023,0.014,0.012,0.002,0.007
201,W,0.419,0.001,0.074,0.012,0.000,0.001,0.375,0.002,0.008,0.033,0.000,0.046,0.017,0.002,0.000,0.007,0.001,0.007,0.004,0.048,0.049,0.313
202,H,0.183,0.001,0.050,0.017,0.020,0.086,0.009,0.006,0.031,0.044,0.117,0.119,0.041,0.015,0.001,0.062,0.256,0.020,0.038,0.052,0.005,0.012
203,K,0.242,0.002,0.151,0.001,0.177,0.174,0.002,0.013,0.013,0.003,0.096,0.016,0.005,0.035,0.001,0.096,0.094,0.081,0.031,0.005,0.001,0.003
204,Y,0.382,0.002,0.510,0.012,0.001,0.048,0.017,0.071,0.005,0.025,0.009,0.013,0.005,0.002,0.001,0.011,0.024,0.024,0.067,0.115,0.010,0.029
205,L,0.414,0.002,0.066,0.033,0.000,0.001,0.058,0.004,0.015,0.087,0.002,0.483,0.147,0.000,0.000,0.005,0.002,0.005,0.010,0.064,0.005,0.009
206,T,0.194,0.002,0.212,0.002,0.053,0.139,0.005,0.049,0.016,0.012,0.129,0.030,0.009,0.026,0.010,0.072,0.117,0.051,0.045,0.014,0.001,0.004
207,R,0.243,0.003,0.170,0.001,0.113,0.258,0.002,0.058,0.011,0.004,0.094,0.013,0.005,0.027,0.015,0.061,0.079,0.051,0.026,0.007,0.001,0.003
208,N,0.180,0.008,0.275,0.011,0.018,0.029,0.029,0.020,0.132,0.008,0.046,0.068,0.007,0.076,0.004,0.025,0.066,0.059,0.024,0.019,0.003,0.073
209,Q,0.454,0.037,0.020,0.001,0.089,0.031,0.002,0.582,0.019,0.000,0.041,0.002,0.001,0.081,0.008,0.033,0.023,0.021,0.005,0.002,0.000,0.004
210,I,0.308,0.022,0.047,0.010,0.005,0.005,0.031,0.016,0.010,0.251,0.010,0.337,0.040,0.003,0.018,0.016,0.022,0.011,0.012,0.117,0.005,0.013
211,Q,0.208,0.019,0.065,0.001,0.165,0.170,0.001,0.013,0.014,0.003,0.107,0.005,0.002,0.045,0.143,0.040,0.057,0.052,0.086,0.012,0.000,0.001
212,P,0.185,0.014,0.053,0.009,0.029,0.067,0.046,0.013,0.008,0.143,0.010,0.097,0.016,0.006,0.191,0.008,0.010,0.024,0.028,0.188,0.008,0.032
213,I,0.127,0.031,0.090,0.004,0.152,0.098,0.005,0.038,0.025,0.037,0.030,0.070,0.004,0.041,0.035,0.027,0.068,0.052,0.034,0.154,0.001,0.004
214,A,0.081,0.018,0.108,0.006,0.080,0.104,0.014,0.049,0.024,0.021,0.037,0.146,0.009,0.025,0.074,0.041,0.056,0.042,0.035,0.037,0.030,0.044
215,E,0.154,0.026,0.041,0.007,0.033,0.108,0.015,0.011,0.016,0.138,0.029,0.060,0.015,0.021,0.021,0.039,0.045,0.068,0.056,0.238,0.002,0.010
216,R,0.104,0.011,0.082,0.008,0.032,0.070,0.049,0.028,0.019,0.092,0.021,0.108,0.013,0.011,0.012,0.088,0.063,0.029,0.031,0.165,0.015,0.051
217,E,0.072,0.008,0.077,0.014,0.057,0.114,0.031,0.028,0.052,0.039,0.016,0.034,0.009,0.034,0.089,0.037,0.048,0.067,0.107,0.069,0.007,0.065
218,G,0.210,0.009,0.130,0.034,0.050,0.039,0.015,0.329,0.011,0.019,0.018,0.033,0.007,0.028,0.037,0.018,0.016,0.078,0.085,0.034,0.001,0.010
219,D,0.161,0.009,0.067,0.007,0.257,0.093,0.012,0.103,0.023,0.013,0.030,0.032,0.011,0.093,0.059,0.030,0.043,0.055,0.033,0.017,0.002,0.013
220,W,0.145,0.010,0.034,0.003,0.053,0.030,0.212,0.051,0.019,0.019,0.008,0.060,0.018,0.037,0.040,0.012,0.014,0.058,0.035,0.018,0.164,0.105
221,S,0.221,0.009,0.029,0.002,0.188,0.051,0.006,0.044,0.021,0.009,0.028,0.031,0.007,0.063,0.011,0.030,0.034,0.207,0.205,0.013,0.005,0.009
222,A,0.085,0.009,0.092,0.002,0.027,0.097,0.058,0.023,0.016,0.059,0.026,0.055,0.031,0.013,0.096,0.045,0.131,0.042,0.038,0.074,0.007,0.055
223,M,0.220,0.008,0.159,0.001,0.146,0.268,0.005,0.036,0.014,0.010,0.030,0.023,0.005,0.028,0.030,0.064,0.040,0.059,0.050,0.020,0.001,0.005
224,S,0.145,0.006,0.100,0.006,0.097,0.097,0.012,0.145,0.015,0.015,0.077,0.034,0.007,0.037,0.010,0.040,0.030,0.170,0.056,0.028,0.009,0.010
225,G,0.454,0.006,0.245,0.006,0.010,0.006,0.009,0.510,0.002,0.024,0.004,0.022,0.007,0.010,0.006,0.006,0.005,0.043,0.031,0.039,0.002,0.007
226,F,0.136,0.005,0.111,0.004,0.015,0.082,0.047,0.020,0.029,0.029,0.054,0.070,0.024,0.013,0.008,0.083,0.127,0.023,0.024,0.041,0.004,0.187
227,Q,0.186,0.003,0.167,0.001,0.087,0.172,0.003,0.017,0.016,0.012,0.071,0.027,0.007,0.046,0.012,0.094,0.120,0.064,0.057,0.019,0.001,0.005
228,Q,0.243,0.002,0.391,0.013,0.014,0.038,0.012,0.046,0.010,0.053,0.040,0.091,0.019,0.020,0.005,0.039,0.038,0.029,0.032,0.093,0.007,0.009
229,T,0.316,0.001,0.243,0.011,0.001,0.001,0.039,0.060,0.000,0.078,0.001,0.107,0.193,0.000,0.001,0.001,0.001,0.009,0.123,0.126,0.002,0.004
230,M,0.158,0.002,0.108,0.005,0.063,0.172,0.004,0.030,0.023,0.015,0.093,0.061,0.016,0.033,0.009,0.082,0.146,0.056,0.057,0.019,0.001,0.006
231,Q,0.183,0.003,0.148,0.001,0.093,0.151,0.003,0.032,0.018,0.007,0.076,0.016,0.006,0.073,0.006,0.099,0.137,0.059,0.051,0.011,0.002,0.009
232,M,0.384,0.002,0.071,0.005,0.001,0.003,0.064,0.002,0.008,0.120,0.008,0.485,0.061,0.003,0.001,0.008,0.009,0.004,0.011,0.060,0.047,0.028
233,L,0.517,0.007,0.036,0.005,0.002,0.002,0.058,0.003,0.004,0.100,0.005,0.641,0.049,0.001,0.004,0.004,0.013,0.005,0.005,0.038,0.007,0.010
234,N,0.193,0.006,0.193,0.002,0.108,0.102,0.002,0.041,0.010,0.006,0.075,0.021,0.005,0.040,0.008,0.104,0.074,0.104,0.087,0.012,0.000,0.002
235,E,0.169,0.008,0.161,0.003,0.048,0.075,0.002,0.055,0.015,0.007,0.074,0.109,0.021,0.029,0.004,0.075,0.147,0.107,0.043,0.011,0.001,0.003
236,G,0.112,0.027,0.071,0.004,0.086,0.057,0.015,0.158,0.099,0.007,0.060,0.023,0.004,0.096,0.090,0.029,0.046,0.047,0.026,0.012,0.005,0.037
237,I,0.190,0.110,0.039,0.002,0.103,0.088,0.004,0.042,0.016,0.013,0.051,0.021,0.003,0.050,0.281,0.035,0.041,0.039,0.035,0.024,0.001,0.003
238,V,0.164,0.043,0.039,0.002,0.176,0.072,0.004,0.051,0.015,0.007,0.080,0.055,0.011,0.039,0.123,0.036,0.176,0.031,0.020,0.011,0.003,0.004
239,P,0.380,0.002,0.045,0.013,0.001,0.001,0.064,0.003,0.003,0.170,0.005,0.113,0.010,0.002,0.396,0.001,0.006,0.004,0.025,0.127,0.001,0.008
240,T,0.411,0.001,0.021,0.005,0.329,0.037,0.001,0.008,0.006,0.008,0.043,0.005,0.001,0.036,0.003,0.026,0.019,0.053,0.378,0.020,0.000,0.001
241,A,0.621,0.000,0.656,0.014,0.000,0.001,0.007,0.207,0.002,0.010,0.000,0.021,0.003,0.001,0.000,0.000,0.000,0.012,0.008,0.049,0.001,0.007
242,M,0.537,0.000,0.021,0.003,0.000,0.000,0.055,0.001,0.000,0.357,0.000,0.147,0.013,0.000,0.000,0.000,0.000,0.000,0.001,0.389,0.004,0.007
243,L,0.429,0.000,0.020,0.010,0.000,0.000,0.418,0.001,0.002,0.120,0.000,0.126,0.021,0.000,0.000,0.002,0.000,0.001,0.003,0.172,0.023,0.080
244,V,0.394,0.001,0.375,0.250,0.001,0.000,0.025,0.057,0.000,0.017,0.000,0.011,0.007,0.010,0.001,0.000,0.000,0.070,0.070,0.090,0.000,0.014
245,A,0.152,0.006,0.256,0.032,0.021,0.021,0.048,0.099,0.043,0.036,0.001,0.050,0.024,0.031,0.035,0.030,0.002,0.102,0.064,0.061,0.003,0.036
246,N,0.444,0.003,0.028,0.011,0.062,0.010,0.005,0.054,0.008,0.002,0.002,0.001,0.001,0.512,0.003,0.006,0.003,0.193,0.061,0.005,0.013,0.017
247,D,0.617,0.002,0.034,0.002,0.748,0.048,0.003,0.039,0.004,0.004,0.000,0.006,0.003,0.036,0.007,0.004,0.001,0.029,0.014,0.004,0.000,0.011
248,Q,0.092,0.002,0.059,0.002,0.074,0.112,0.023,0.071,0.016,0.046,0.012,0.148,0.040,0.030,0.046,0.058,0.053,0.049,0.051,0.074,0.005,0.028
249,M,0.239,0.021,0.059,0.008,0.013,0.007,0.019,0.018,0.007,0.118,0.003,0.172,0.287,0.014,0.012,0.028,0.006,0.045,0.064,0.088,0.001,0.011
250,A,0.635,0.018,0.754,0.006,0.001,0.001,0.005,0.053,0.001,0.009,0.000,0.029,0.005,0.006,0.004,0.002,0.000,0.036,0.050,0.017,0.000,0.003
251,L,0.222,0.005,0.095,0.006,0.007,0.028,0.053,0.024,0.009,0.194,0.008,0.266,0.055,0.008,0.015,0.021,0.027,0.022,0.022,0.106,0.003,0.024
252,G,0.557,0.004,0.099,0.003,0.011,0.022,0.004,0.701,0.007,0.008,0.008,0.016,0.006,0.008,0.011,0.016,0.015,0.029,0.017,0.010,0.002,0.006
253,A,0.445,0.001,0.423,0.024,0.000,0.000,0.022,0.031,0.000,0.080,0.000,0.102,0.016,0.000,0.001,0.000,0.000,0.011,0.029,0.256,0.001,0.002
254,M,0.318,0.001,0.062,0.013,0.002,0.008,0.012,0.012,0.005,0.206,0.005,0.320,0.126,0.003,0.002,0.010,0.013,0.011,0.011,0.100,0.005,0.072
255,R,0.161,0.000,0.100,0.002,0.073,0.088,0.014,0.024,0.036,0.011,0.100,0.041,0.012,0.049,0.007,0.126,0.183,0.075,0.039,0.008,0.002,0.009
256,A,0.400,0.001,0.549,0.009,0.002,0.063,0.013,0.058,0.010,0.019,0.007,0.021,0.006,0.001,0.001,0.014,0.023,0.032,0.035,0.091,0.009,0.036
257,I,0.448,0.002,0.212,0.052,0.000,0.000,0.048,0.002,0.000,0.112,0.002,0.446,0.025,0.001,0.000,0.001,0.001,0.005,0.007,0.078,0.002,0.004
258,T,0.189,0.002,0.086,0.002,0.022,0.081,0.008,0.019,0.062,0.016,0.156,0.043,0.010,0.035,0.002,0.105,0.235,0.036,0.039,0.019,0.004,0.019
259,E,0.264,0.002,0.145,0.001,0.114,0.285,0.001,0.032,0.013,0.004,0.062,0.013,0.006,0.030,0.001,0.083,0.111,0.065,0.023,0.008,0.000,0.002
260,S,0.221,0.003,0.259,0.008,0.009,0.025,0.012,0.009,0.054,0.015,0.049,0.165,0.038,0.041,0.001,0.051,0.160,0.050,0.017,0.020,0.001,0.014
261,G,0.623,0.004,0.011,0.001,0.030,0.013,0.001,0.747,0.016,0.001,0.040,0.002,0.001,0.066,0.006,0.017,0.024,0.016,0.002,0.001,0.000,0.003
262,L,0.305,0.004,0.018,0.003,0.003,0.004,0.021,0.008,0.006,0.169,0.076,0.341,0.025,0.004,0.006,0.007,0.127,0.013,0.005,0.102,0.009,0.049
263,R,0.200,0.006,0.087,0.003,0.078,0.051,0.004,0.026,0.019,0.009,0.120,0.020,0.003,0.039,0.023,0.043,0.255,0.127,0.061,0.024,0.001,0.003
264,V,0.490,0.255,0.016,0.011,0.002,0.001,0.003,0.002,0.001,0.189,0.003,0.022,0.006,0.001,0.030,0.001,0.002,0.005,0.010,0.437,0.002,0.002
265,G,0.635,0.224,0.010,0.000,0.004,0.004,0.002,0.079,0.001,0.001,0.005,0.003,0.003,0.004,0.644,0.002,0.002,0.007,0.003,0.001,0.000,0.001
266,A,0.246,0.104,0.043,0.001,0.162,0.225,0.001,0.155,0.019,0.002,0.062,0.002,0.001,0.027,0.008,0.070,0.069,0.025,0.017,0.005,0.001,0.002
267,D,0.440,0.044,0.014,0.001,0.570,0.096,0.002,0.021,0.014,0.002,0.056,0.007,0.003,0.020,0.007,0.075,0.034,0.017,0.013,0.003,0.001,0.001
268,I,0.437,0.009,0.016,0.010,0.000,0.000,0.035,0.001,0.001,0.268,0.003,0.218,0.040,0.000,0.022,0.001,0.002,0.001,0.012,0.346,0.001,0.012
269,S,0.293,0.004,0.225,0.007,0.008,0.013,0.014,0.042,0.007,0.029,0.069,0.036,0.011,0.005,0.046,0.023,0.027,0.365,0.022,0.038,0.002,0.008
270,V,0.562,0.002,0.007,0.002,0.000,0.000,0.030,0.005,0.002,0.262,0.000,0.161,0.014,0.000,0.001,0.000,0.000,0.001,0.007,0.502,0.001,0.003
271,V,0.409,0.002,0.111,0.018,0.001,0.000,0.019,0.021,0.000,0.248,0.000,0.040,0.029,0.001,0.000,0.000,0.000,0.016,0.092,0.386,0.000,0.014
272,G,0.666,0.002,0.060,0.021,0.001,0.001,0.001,0.736,0.001,0.002,0.000,0.003,0.002,0.001,0.001,0.000,0.000,0.105,0.050,0.012,0.000,0.001
273,Y,0.383,0.002,0.017,0.017,0.001,0.004,0.503,0.022,0.029,0.072,0.004,0.032,0.012,0.011,0.001,0.033,0.004,0.009,0.010,0.067,0.016,0.135
274,D,0.629,0.002,0.017,0.006,0.739,0.026,0.001,0.074,0.006,0.001,0.001,0.002,0.001,0.063,0.000,0.011,0.003,0.024,0.011,0.004,0.000,0.007
275,D,0.406,0.003,0.073,0.003,0.440,0.018,0.004,0.166,0.005,0.005,0.003,0.036,0.006,0.168,0.006,0.004,0.005,0.026,0.015,0.006,0.003,0.005
276,T,0.155,0.010,0.037,0.002,0.051,0.039,0.027,0.034,0.026,0.195,0.003,0.110,0.023,0.035,0.020,0.023,0.005,0.130,0.126,0.079,0.009,0.015
277,E,0.176,0.008,0.079,0.006,0.100,0.149,0.018,0.020,0.012,0.021,0.040,0.048,0.010,0.024,0.264,0.037,0.034,0.056,0.030,0.027,0.003,0.015
278,D,0.121,0.007,0.085,0.001,0.074,0.105,0.080,0.029,0.010,0.090,0.010,0.187,0.042,0.015,0.026,0.035,0.012,0.030,0.032,0.073,0.034,0.024
279,S,0.334,0.009,0.434,0.034,0.008,0.006,0.017,0.075,0.002,0.035,0.003,0.060,0.025,0.010,0.008,0.008,0.005,0.160,0.055,0.037,0.001,0.007
280,S,0.138,0.011,0.152,0.002,0.060,0.126,0.005,0.037,0.011,0.029,0.066,0.052,0.009,0.022,0.020,0.077,0.144,0.078,0.040,0.046,0.004,0.007
281,C,0.083,0.011,0.070,0.008,0.049,0.038,0.082,0.018,0.043,0.051,0.028,0.167,0.047,0.030,0.008,0.052,0.029,0.033,0.028,0.045,0.038,0.124
282,Y,0.174,0.010,0.161,0.025,0.003,0.007,0.061,0.025,0.010,0.081,0.004,0.180,0.056,0.009,0.013,0.008,0.019,0.083,0.091,0.118,0.008,0.028
283,I,0.055,0.041,0.053,0.006,0.089,0.066,0.015,0.056,0.036,0.067,0.036,0.028,0.010,0.051,0.029,0.032,0.081,0.101,0.092,0.063,0.022,0.027
284,P,0.378,0.038,0.013,0.002,0.034,0.047,0.007,0.044,0.004,0.025,0.059,0.017,0.004,0.015,0.555,0.018,0.024,0.017,0.014,0.045,0.001,0.016
285,P,0.218,0.005,0.124,0.001,0.043,0.048,0.004,0.139,0.008,0.003,0.056,0.004,0.009,0.027,0.241,0.071,0.063,0.104,0.039,0.005,0.005,0.003
286,L,0.543,0.005,0.009,0.004,0.002,0.000,0.020,0.041,0.001,0.127,0.001,0.644,0.022,0.002,0.004,0.002,0.001,0.006,0.009,0.068,0.005,0.026
287,T,0.518,0.004,0.105,0.003,0.016,0.007,0.004,0.022,0.002,0.009,0.007,0.005,0.021,0.012,0.006,0.011,0.002,0.156,0.600,0.006,0.001,0.002
288,T,0.519,0.003,0.078,0.010,0.005,0.003,0.008,0.013,0.005,0.013,0.001,0.023,0.006,0.003,0.001,0.002,0.004,0.161,0.599,0.054,0.001,0.008
289,I,0.504,0.003,0.040,0.002,0.001,0.000,0.021,0.007,0.000,0.281,0.000,0.060,0.040,0.001,0.003,0.001,0.000,0.014,0.016,0.497,0.002,0.010
290,K,0.150,0.003,0.152,0.008,0.112,0.049,0.025,0.024,0.067,0.015,0.035,0.027,0.009,0.029,0.005,0.028,0.208,0.084,0.033,0.049,0.007,0.032
